data/DEM.asc
NCOLS 476 
NROWS 964 
XLLCORNER 355546.149814753 
YLLCORNER 2135367.91622243 
CELLSIZE 50 
NODATA_value -3.4e+38 
[rows 374 to 407 of 964, columns 304 to 379 of 476]
3418 3433 3444 3450 3461 3469 3470 3469 3464 3460 3443 3441 3446 3449 3438 3410 3390 3392 3393 3388 3384 3379 3381 3386 3395 3391 3381 3353 3340 3342 3355 3363 3363 3359 3324 3311 3295 3275 3267 3254 3245 3242 3237 3228 3223 3218 3217 3220 3222 3236 3245 3269 3274 3288 3303 3309 3320 3322 3319 3295 3270 3262 3240 3223 3213 3196 3177 3169 3153 3134 3124 3109 3098 3093 3080 3073
3423 3443 3460 3468 3480 3492 3495 3492 3482 3477 3471 3472 3474 3469 3455 3420 3407 3412 3423 3420 3416 3409 3411 3416 3419 3409 3397 3375 3371 3373 3379 3376 3368 3356 3318 3306 3287 3274 3268 3257 3247 3244 3239 3228 3224 3220 3223 3225 3229 3237 3243 3262 3269 3283 3299 3307 3318 3320 3316 3293 3264 3249 3226 3207 3196 3177 3162 3158 3139 3125 3119 3115 3112 3110 3104 3099
3426 3450 3467 3476 3492 3512 3517 3520 3514 3508 3501 3497 3494 3483 3468 3429 3426 3431 3446 3442 3440 3440 3442 3446 3444 3426 3414 3396 3392 3384 3384 3373 3363 3343 3308 3300 3283 3272 3266 3255 3247 3244 3245 3237 3232 3228 3232 3235 3238 3242 3247 3268 3274 3289 3303 3310 3319 3320 3313 3287 3259 3245 3225 3206 3196 3177 3167 3162 3144 3140 3139 3139 3140 3140 3135 3126
3423 3447 3467 3475 3494 3519 3526 3534 3528 3524 3517 3506 3501 3487 3474 3442 3439 3444 3458 3455 3453 3453 3456 3459 3453 3431 3420 3396 3392 3389 3382 3364 3354 3322 3305 3298 3282 3271 3266 3260 3259 3257 3253 3244 3239 3234 3236 3239 3242 3249 3253 3274 3280 3294 3306 3313 3321 3322 3314 3286 3259 3246 3228 3209 3199 3181 3171 3164 3153 3157 3155 3152 3157 3158 3155 3146
3421 3440 3464 3473 3493 3520 3533 3547 3548 3546 3544 3528 3516 3498 3486 3472 3467 3469 3474 3473 3472 3475 3474 3472 3459 3434 3424 3409 3396 3388 3369 3346 3335 3312 3299 3292 3278 3276 3276 3279 3279 3277 3273 3265 3259 3247 3242 3245 3253 3259 3262 3285 3294 3306 3319 3324 3331 3325 3316 3290 3264 3253 3234 3218 3209 3196 3182 3176 3174 3182 3183 3181 3187 3190 3190 3187
3424 3439 3460 3469 3492 3514 3527 3550 3562 3564 3562 3545 3534 3513 3503 3489 3489 3491 3496 3496 3490 3480 3478 3472 3456 3432 3422 3405 3388 3377 3354 3330 3319 3304 3295 3289 3284 3287 3290 3298 3300 3298 3286 3275 3267 3256 3253 3252 3259 3265 3277 3298 3306 3322 3340 3346 3349 3343 3333 3301 3273 3263 3243 3230 3223 3212 3205 3202 3204 3211 3213 3207 3211 3214 3215 3211
3426 3439 3459 3469 3490 3512 3523 3548 3567 3572 3573 3555 3543 3524 3516 3499 3496 3499 3502 3496 3490 3483 3476 3468 3449 3427 3417 3399 3378 3367 3346 3326 3316 3302 3293 3289 3289 3295 3299 3310 3313 3307 3289 3276 3269 3260 3259 3259 3260 3270 3284 3304 3313 3331 3350 3356 3363 3356 3346 3312 3280 3270 3250 3238 3233 3220 3212 3208 3213 3227 3229 3221 3224 3227 3226 3219
3433 3441 3459 3468 3486 3506 3516 3543 3566 3575 3584 3576 3565 3547 3540 3522 3505 3505 3505 3501 3492 3477 3463 3453 3431 3411 3403 3382 3361 3352 3340 3327 3321 3312 3301 3297 3301 3314 3321 3332 3328 3318 3289 3278 3275 3273 3271 3269 3269 3290 3299 3316 3327 3346 3363 3374 3396 3379 3362 3332 3302 3289 3271 3257 3251 3242 3233 3234 3246 3261 3265 3263 3259 3256 3249 3238
3441 3446 3460 3467 3484 3504 3514 3536 3558 3569 3585 3585 3579 3556 3547 3528 3519 3513 3501 3485 3475 3462 3446 3435 3415 3401 3393 3380 3372 3369 3359 3347 3339 3328 3310 3308 3317 3332 3339 3341 3330 3318 3290 3283 3284 3286 3281 3277 3277 3300 3308 3327 3338 3351 3363 3370 3376 3363 3352 3331 3308 3298 3284 3278 3267 3256 3259 3263 3277 3288 3291 3292 3282 3273 3260 3251
3443 3451 3461 3468 3484 3504 3514 3534 3553 3564 3583 3585 3579 3561 3553 3530 3518 3511 3495 3476 3469 3455 3438 3429 3412 3399 3393 3386 3384 3382 3372 3360 3353 3336 3315 3313 3323 3339 3343 3342 3329 3317 3293 3291 3293 3293 3284 3279 3280 3304 3312 3332 3340 3349 3358 3360 3360 3350 3341 3324 3301 3291 3280 3278 3272 3268 3274 3277 3288 3296 3298 3300 3289 3275 3260 3253
3450 3458 3465 3470 3483 3500 3513 3532 3549 3560 3581 3584 3582 3569 3561 3530 3513 3503 3483 3467 3460 3444 3428 3422 3417 3411 3408 3406 3405 3401 3393 3382 3370 3347 3327 3325 3337 3344 3344 3339 3321 3312 3298 3300 3302 3301 3291 3285 3292 3315 3323 3340 3341 3338 3335 3334 3333 3322 3314 3294 3276 3270 3262 3254 3259 3280 3286 3290 3302 3304 3303 3300 3280 3270 3257 3251
3460 3463 3469 3473 3482 3500 3513 3531 3544 3554 3578 3582 3579 3571 3564 3529 3509 3499 3480 3463 3455 3440 3431 3428 3426 3427 3427 3428 3428 3423 3405 3379 3369 3348 3332 3334 3345 3350 3348 3339 3327 3321 3302 3300 3302 3302 3294 3292 3304 3324 3329 3336 3334 3322 3313 3312 3306 3291 3282 3265 3252 3247 3235 3229 3234 3253 3270 3274 3285 3294 3294 3289 3279 3275 3264 3251
3466 3466 3471 3473 3483 3500 3513 3530 3544 3554 3575 3583 3580 3571 3564 3531 3509 3499 3482 3464 3457 3449 3439 3436 3434 3435 3435 3436 3433 3428 3406 3378 3366 3345 3335 3338 3351 3356 3355 3347 3339 3331 3308 3302 3304 3303 3296 3295 3307 3325 3328 3330 3328 3314 3299 3297 3290 3275 3267 3253 3241 3236 3224 3218 3223 3238 3255 3262 3271 3279 3283 3284 3281 3280 3273 3256
3471 3470 3475 3479 3491 3510 3520 3531 3544 3554 3574 3591 3589 3573 3555 3534 3513 3503 3484 3468 3468 3468 3465 3464 3461 3459 3459 3456 3439 3429 3401 3372 3368 3357 3350 3357 3370 3375 3375 3366 3350 3340 3317 3312 3314 3309 3298 3298 3317 3320 3320 3315 3312 3298 3274 3266 3259 3249 3241 3234 3223 3216 3201 3194 3198 3214 3232 3240 3245 3255 3263 3277 3282 3284 3285 3269
3481 3480 3488 3494 3506 3522 3527 3538 3553 3561 3579 3600 3599 3578 3554 3534 3515 3505 3487 3484 3484 3482 3480 3480 3478 3474 3472 3462 3437 3425 3399 3386 3385 3376 3369 3375 3390 3395 3395 3382 3360 3351 3335 3324 3323 3316 3301 3306 3320 3316 3308 3291 3285 3273 3252 3242 3233 3230 3224 3214 3208 3203 3187 3179 3180 3192 3214 3218 3227 3247 3253 3258 3258 3257 3263 3262
3488 3489 3498 3503 3515 3527 3532 3544 3560 3566 3584 3601 3600 3579 3554 3534 3515 3506 3494 3494 3494 3492 3489 3488 3482 3476 3471 3457 3433 3424 3404 3393 3391 3382 3380 3385 3400 3406 3405 3388 3365 3357 3343 3331 3326 3316 3311 3319 3325 3314 3302 3280 3272 3257 3241 3233 3221 3219 3216 3204 3199 3196 3180 3170 3170 3193 3205 3207 3226 3243 3244 3241 3240 3240 3246 3250
3501 3509 3518 3521 3530 3540 3547 3560 3571 3577 3598 3606 3600 3566 3554 3536 3520 3513 3514 3518 3518 3512 3505 3500 3485 3471 3463 3444 3428 3425 3424 3421 3417 3397 3397 3407 3426 3425 3419 3395 3370 3363 3349 3335 3329 3318 3324 3335 3336 3313 3300 3277 3265 3241 3226 3218 3205 3200 3200 3189 3175 3173 3165 3154 3152 3172 3183 3195 3220 3225 3219 3214 3214 3214 3221 3237
3491 3515 3532 3538 3540 3558 3565 3575 3589 3601 3620 3610 3599 3566 3557 3540 3528 3529 3533 3535 3533 3523 3509 3499 3483 3464 3458 3447 3441 3441 3450 3442 3435 3420 3422 3432 3447 3436 3422 3393 3371 3365 3352 3337 3332 3335 3342 3347 3338 3315 3304 3280 3266 3244 3224 3215 3199 3186 3182 3170 3155 3152 3148 3140 3139 3154 3179 3192 3205 3201 3196 3190 3193 3197 3214 3235
3477 3501 3527 3537 3542 3560 3568 3580 3601 3614 3624 3608 3596 3564 3559 3544 3536 3536 3539 3540 3537 3525 3507 3496 3481 3467 3462 3458 3457 3459 3465 3455 3444 3430 3435 3445 3456 3439 3421 3392 3371 3365 3352 3339 3339 3346 3354 3354 3335 3314 3303 3280 3266 3244 3224 3214 3196 3180 3174 3158 3146 3143 3140 3134 3132 3151 3173 3184 3194 3190 3184 3177 3182 3197 3214 3234
3456 3470 3497 3508 3529 3559 3571 3587 3604 3612 3613 3601 3593 3568 3563 3555 3551 3551 3550 3545 3539 3526 3510 3502 3495 3483 3477 3472 3479 3483 3484 3470 3459 3453 3462 3469 3470 3437 3417 3393 3374 3366 3352 3355 3360 3367 3365 3354 3328 3306 3296 3275 3262 3240 3222 3214 3194 3176 3165 3148 3138 3133 3123 3120 3119 3132 3148 3155 3163 3166 3175 3167 3177 3188 3211 3229
3447 3460 3485 3499 3523 3559 3571 3585 3593 3596 3598 3594 3589 3572 3569 3563 3560 3560 3557 3548 3540 3530 3519 3513 3507 3498 3489 3480 3489 3494 3491 3475 3466 3464 3472 3477 3473 3433 3415 3395 3376 3366 3363 3365 3368 3372 3369 3354 3326 3304 3294 3272 3259 3240 3224 3215 3193 3173 3164 3149 3138 3134 3119 3113 3110 3117 3134 3141 3163 3166 3165 3159 3172 3185 3207 3223
3429 3449 3473 3491 3530 3557 3561 3562 3559 3557 3559 3574 3581 3582 3582 3582 3579 3577 3569 3557 3550 3541 3536 3534 3530 3522 3514 3500 3512 3515 3507 3488 3481 3479 3484 3486 3477 3439 3422 3402 3390 3387 3381 3381 3383 3379 3374 3357 3326 3305 3297 3278 3269 3250 3237 3228 3205 3186 3179 3166 3157 3152 3138 3116 3096 3102 3116 3124 3139 3147 3145 3140 3167 3184 3200 3203
3429 3452 3481 3502 3533 3538 3534 3527 3526 3525 3526 3543 3565 3587 3591 3593 3595 3592 3582 3568 3562 3554 3550 3550 3548 3535 3527 3519 3527 3531 3523 3508 3500 3493 3492 3491 3480 3454 3438 3417 3407 3404 3404 3403 3400 3393 3372 3361 3335 3318 3313 3299 3292 3273 3253 3244 3229 3216 3207 3190 3179 3174 3151 3129 3101 3086 3089 3096 3113 3121 3120 3129 3162 3181 3190 3176
3432 3453 3482 3502 3520 3520 3518 3510 3509 3509 3512 3527 3557 3591 3597 3600 3602 3599 3589 3575 3569 3562 3560 3560 3559 3544 3534 3528 3535 3536 3529 3516 3508 3498 3494 3491 3480 3458 3441 3422 3414 3412 3412 3411 3407 3398 3379 3367 3344 3330 3324 3311 3304 3286 3263 3254 3239 3229 3221 3204 3179 3174 3160 3141 3107 3085 3081 3087 3104 3109 3110 3126 3160 3178 3183 3165
3430 3452 3474 3482 3487 3481 3479 3476 3474 3477 3486 3521 3542 3598 3619 3630 3619 3612 3597 3591 3591 3590 3585 3584 3579 3564 3552 3541 3543 3540 3535 3526 3520 3506 3493 3486 3473 3451 3438 3421 3418 3417 3418 3419 3417 3401 3397 3385 3363 3354 3351 3336 3326 3306 3289 3281 3269 3240 3233 3219 3204 3197 3174 3142 3126 3096 3079 3073 3083 3086 3089 3116 3143 3157 3161 3142
3421 3442 3458 3460 3456 3447 3446 3445 3449 3453 3468 3508 3525 3573 3600 3631 3616 3605 3584 3580 3583 3585 3579 3578 3571 3561 3555 3542 3541 3537 3534 3528 3522 3498 3477 3468 3451 3431 3423 3414 3408 3405 3406 3411 3405 3380 3374 3371 3363 3359 3356 3342 3334 3314 3300 3295 3284 3266 3256 3236 3218 3207 3179 3143 3129 3104 3087 3079 3063 3066 3072 3096 3120 3127 3128 3117
3417 3433 3446 3447 3439 3432 3432 3431 3438 3444 3460 3501 3517 3554 3576 3602 3595 3587 3568 3561 3562 3561 3560 3559 3554 3547 3542 3535 3528 3526 3526 3518 3508 3483 3462 3453 3435 3420 3413 3404 3397 3392 3391 3393 3385 3365 3358 3358 3353 3347 3342 3342 3334 3320 3313 3309 3297 3276 3264 3240 3219 3205 3175 3138 3125 3102 3087 3079 3063 3060 3064 3084 3104 3111 3112 3104
3404 3409 3416 3419 3413 3407 3406 3407 3420 3431 3450 3489 3501 3530 3542 3553 3553 3548 3539 3535 3534 3530 3527 3526 3524 3519 3518 3511 3502 3499 3492 3478 3469 3454 3437 3426 3408 3392 3384 3374 3368 3359 3357 3357 3348 3335 3329 3328 3338 3330 3323 3314 3313 3314 3315 3316 3305 3279 3269 3242 3217 3200 3167 3133 3121 3101 3086 3080 3070 3059 3056 3060 3072 3078 3081 3080
3380 3381 3388 3389 3384 3380 3381 3390 3406 3416 3440 3474 3486 3505 3517 3527 3526 3525 3520 3515 3511 3505 3500 3499 3494 3489 3487 3480 3468 3465 3460 3452 3447 3433 3406 3396 3382 3366 3356 3342 3332 3327 3327 3323 3318 3320 3319 3317 3310 3299 3293 3284 3281 3279 3279 3278 3271 3261 3256 3245 3225 3210 3173 3139 3131 3117 3100 3094 3083 3066 3057 3050 3055 3059 3064 3066
3366 3368 3373 3374 3370 3366 3369 3382 3401 3410 3432 3464 3478 3494 3503 3513 3513 3513 3506 3499 3495 3492 3486 3485 3480 3475 3473 3466 3455 3454 3449 3443 3437 3417 3394 3386 3372 3357 3347 3330 3318 3313 3313 3323 3318 3307 3304 3301 3293 3282 3277 3270 3266 3261 3260 3259 3254 3245 3241 3238 3224 3213 3181 3148 3141 3127 3112 3103 3090 3072 3061 3047 3049 3053 3060 3063
3335 3337 3345 3344 3340 3342 3351 3369 3390 3400 3425 3447 3456 3471 3478 3487 3487 3484 3476 3469 3464 3461 3457 3455 3454 3452 3449 3441 3434 3434 3430 3420 3413 3394 3379 3373 3356 3340 3332 3312 3306 3301 3299 3292 3289 3280 3273 3270 3262 3254 3252 3248 3245 3240 3234 3231 3221 3213 3210 3206 3201 3197 3184 3173 3162 3144 3128 3121 3106 3084 3070 3047 3039 3042 3049 3054
3313 3316 3318 3315 3314 3326 3334 3350 3373 3386 3410 3428 3437 3446 3450 3459 3463 3462 3458 3446 3443 3440 3439 3439 3439 3435 3432 3420 3419 3416 3411 3405 3400 3384 3369 3364 3349 3334 3326 3306 3292 3283 3273 3265 3262 3252 3246 3245 3243 3239 3239 3232 3227 3220 3222 3221 3206 3190 3184 3174 3166 3162 3165 3167 3165 3152 3139 3130 3109 3085 3072 3051 3038 3036 3039 3043
3302 3305 3305 3304 3306 3319 3326 3343 3365 3378 3404 3417 3425 3433 3436 3446 3454 3455 3449 3440 3438 3434 3432 3432 3431 3427 3423 3414 3412 3410 3404 3400 3396 3383 3369 3364 3349 3329 3324 3311 3293 3281 3264 3257 3252 3240 3234 3233 3233 3231 3229 3224 3220 3214 3217 3217 3202 3180 3175 3164 3152 3147 3149 3155 3157 3149 3140 3131 3107 3083 3074 3059 3040 3035 3035 3039
3281 3286 3283 3285 3298 3315 3323 3339 3354 3363 3388 3398 3403 3411 3416 3430 3441 3443 3439 3432 3429 3423 3420 3420 3418 3416 3414 3408 3404 3402 3399 3394 3392 3380 3371 3366 3353 3340 3335 3319 3295 3283 3261 3249 3238 3229 3218 3216 3208 3206 3206 3205 3205 3200 3199 3200 3192 3166 3159 3149 3134 3127 3125 3126 3126 3131 3135 3131 3116 3095 3087 3076 3057 3044 3028 3029
