data/DEM.asc
NCOLS 476 
NROWS 964 
XLLCORNER 355546.149814753 
YLLCORNER 2135367.91622243 
CELLSIZE 50 
NODATA_value -3.4e+38 
[rows 408 to 441 of 964, columns 304 to 379 of 476]
3266 3269 3271 3277 3294 3315 3324 3337 3350 3357 3373 3379 3385 3401 3408 3424 3438 3440 3436 3426 3422 3419 3415 3413 3411 3410 3409 3404 3402 3401 3398 3393 3389 3382 3377 3373 3362 3350 3343 3323 3305 3298 3284 3268 3252 3243 3225 3219 3205 3187 3186 3188 3190 3183 3177 3176 3174 3157 3141 3125 3122 3119 3100 3103 3104 3109 3117 3120 3122 3116 3107 3091 3077 3068 3045 3018
3258 3260 3267 3275 3296 3318 3326 3339 3350 3355 3367 3375 3381 3401 3410 3427 3439 3440 3435 3424 3420 3417 3412 3410 3408 3408 3407 3404 3401 3400 3398 3392 3389 3383 3379 3377 3366 3353 3345 3326 3311 3307 3300 3285 3265 3250 3235 3227 3210 3185 3179 3179 3180 3176 3171 3169 3167 3153 3139 3120 3113 3101 3089 3093 3095 3101 3109 3112 3117 3115 3108 3093 3084 3078 3056 3033
3239 3259 3273 3282 3304 3322 3329 3340 3348 3355 3359 3373 3384 3406 3415.90478515625 3436 3442 3441 3432 3420 3416 3410 3406 3404 3406 3406 3406 3403 3400 3399 3397 3393 3391 3387 3382 3380 3374 3360 3352 3337 3326 3324 3319 3302 3294 3270 3249 3242 3225 3200 3184 3165 3160 3160 3158 3154 3147 3138 3131 3112 3094 3079 3075 3076 3079 3084 3088 3092 3099 3098 3093 3081 3077 3072 3056 3036
3256 3272 3289 3301 3319 3330 3335 3343 3349 3353 3362 3381 3393 3419 3429 3441 3438.052734375 3439 3427 3415 3409 3406 3402 3401 3401 3403 3404 3403 3401 3400 3398 3395 3394 3390 3386 3384 3381 3369 3361 3346 3339 3335 3327 3315 3309 3290 3260 3249 3231 3212 3199 3177 3165 3149 3136 3133 3121 3118 3115 3101 3106 3108 3092 3068 3060 3062 3067 3071 3075 3074 3071 3066 3058 3051 3036 3017
3262 3277 3296 3307 3323 3331 3335 3342 3346 3350 3360 3378 3389 3415 3426 3440 3435.15795898438 3433.27783203125 3423 3415 3409 3402 3399 3398 3398 3401 3403 3403 3401 3400 3398 3396 3395 3392 3389 3387 3383 3373 3364 3349 3340 3337 3328 3316 3313 3297 3264 3251 3231 3214 3203 3182 3175 3161 3145 3138 3121 3116 3114 3117 3125 3125 3107 3074 3062 3057 3059 3062 3064 3064 3063 3058 3047 3041 3026 3012
3261 3280 3300 3310 3322 3327 3330 3339 3345 3348 3356 3371 3380 3399 3412 3437 3436 3430 3420 3408 3403 3397 3392 3389 3387 3388 3396 3399 3398 3397 3396 3395 3395 3394 3392 3391 3387 3376 3368 3352 3341 3338 3330 3317 3313 3298 3266 3252 3232 3219 3207 3202 3206 3200 3180 3166 3138 3147 3147 3151 3159 3153 3125 3090 3078 3064 3054 3046 3040 3040 3040 3036 3029 3026 3020 3012
3252 3270 3290 3299 3317 3327 3331 3339 3345 3348 3353 3364 3376 3392 3402 3424 3427 3424 3412 3401.10522460938 3397.80004882812 3390 3383 3381 3376 3377 3380 3385 3387 3387 3389 3392 3393 3394 3394 3393 3389 3380 3373 3357 3344 3339 3333 3313 3301 3285 3260 3248 3231 3220 3217 3221 3224 3218 3191 3172 3171 3178 3173 3177 3182 3169 3139 3113 3099 3087 3072 3064 3057 3050 3040 3024 3019 3019 3016 3017
3243 3260 3279 3289 3317 3330 3335 3340 3346 3348 3353 3364 3372 3387 3396 3419 3424 3421 3409 3398 3394 3387.19995117188 3381 3378 3372 3372 3374 3379 3381 3382 3386 3389 3391 3393 3394 3393 3390 3382 3377 3360 3347 3342 3334 3308 3296 3276 3256 3245 3230 3221 3218 3222 3224 3215 3186 3175 3186 3192 3186 3184 3191 3175 3149 3127 3112 3096 3086 3080 3074 3062 3049 3022 3019 3018 3021 3028
3240 3265 3283 3293 3317 3336 3340 3341 3346 3348 3354 3362 3368 3382 3390 3412 3420 3418 3404 3392 3387 3381 3375 3369.80004882812 3362 3362 3363 3368 3373 3376 3380 3384 3387 3390 3392 3392 3390 3385 3382 3369 3353 3346 3327 3300 3289 3269 3251 3243 3230 3222 3220 3220 3216 3200 3193 3199 3209 3212 3210 3204 3195 3181 3159 3143 3133 3110 3094 3085 3074 3051 3040 3033 3036 3038 3047 3054
3258 3276 3292 3300 3320 3339 3341 3342 3348 3351 3357 3364 3369 3380 3389 3407 3415 3412 3400 3386 3381 3374 3364 3360 3358 3357 3355 3359 3366 3370 3377 3380 3381 3385 3388 3388 3387 3383 3381 3372 3355 3346 3321 3294 3286 3270 3250 3243 3232 3223 3221 3214 3212 3207 3210 3215 3220 3222 3222 3217 3183 3165 3141 3125 3119 3099 3076 3067 3050 3038 3038 3044 3052 3057 3066 3071
3263 3279 3292 3300 3324 3338 3341 3343 3349 3353 3360 3368 3372 3380 3388 3404 3411 3409 3397 3383 3379 3370 3361 3358 3354 3355 3354.35009765625 3355 3362 3366 3372 3376 3378 3382 3384 3385 3384 3381 3379 3370 3353 3343 3317 3292 3286 3270 3251 3244 3233 3224 3223 3220 3220 3219 3219 3222 3226 3226 3224 3203 3172 3155 3133 3115 3108 3090 3068 3058 3042 3043 3044 3050 3057 3062 3074 3080
3264 3280 3299 3306 3319 3322 3327 3341 3351 3356 3366 3376 3380 3382 3387 3399 3403 3401 3387 3377 3373 3363 3358 3354 3348 3347 3348 3353 3356.19995117188 3359.10009765625 3361 3363 3364 3369 3375 3377 3377 3373 3370 3360 3345 3334 3308 3293 3287 3273 3253 3246 3235 3235 3237 3239 3239 3236 3234 3236 3238 3226 3220 3181 3152 3140 3120 3099 3089 3073 3055 3047 3059 3064 3064 3066 3073 3078 3088 3101
3262 3275 3288 3293 3292 3298 3307 3335 3349 3356 3368 3376 3378 3379 3381 3388 3392 3389 3377 3368 3364 3359 3352 3348 3340 3339 3340 3343 3350 3353 3357 3356.57885742188 3358.15795898438 3358 3363 3366 3368 3363 3360 3350 3337 3328 3305 3295 3290 3275 3254 3245 3242 3242 3243 3245 3245 3243 3241 3242 3235 3215 3205 3158 3138 3127 3107 3088 3079 3063 3049 3055 3070 3079 3080 3083 3092 3098 3108 3121
3258 3269 3277 3280 3280 3289 3299 3330 3346 3352 3364 3372 3374 3377 3378 3383 3386 3384 3375 3365 3361 3357 3349 3345 3337 3336 3337 3339 3344 3347 3351 3354 3354.42114257812 3358.36840820312 3359 3362 3364 3360 3356 3344 3334 3327 3306 3296 3291 3275 3253 3246 3243 3243 3243 3246 3247 3245 3243 3241 3227 3206 3193 3149 3129 3119 3100 3083 3074 3060 3051 3057 3074 3084 3087 3090 3100 3106 3116 3131
3247 3252 3258 3261 3269 3284 3294 3320 3327 3330 3339 3349 3354 3364 3368 3378 3380 3379 3373 3361 3358 3354 3345 3340 3328 3327 3328 3333 3339 3340 3344 3348 3351 3356 3360 3362 3357.25 3352 3345 3336 3328 3319 3305 3296 3290 3275 3259 3253 3248 3242 3241 3242 3243 3240 3233 3225 3209 3181 3164 3130 3110 3102 3087 3075 3067 3057 3071 3079 3082 3098 3103 3109 3119 3123 3135 3153
3239 3237 3244 3254 3268 3280 3296 3307 3312 3313 3316 3322 3328 3345 3356 3372 3377 3376 3371 3363 3360 3356 3346 3339 3319 3318 3321 3329 3336 3339 3341 3344 3347 3352 3356 3355 3350 3339 3334 3326 3319 3310 3299 3292 3286 3276 3262 3258 3255 3251 3245 3228 3224 3217 3210 3206 3189 3162 3136 3114 3094 3086 3078 3071 3067 3071 3088 3093 3098 3108 3117 3129 3136 3141 3145 3174
3230 3232 3240 3249 3265 3272 3281 3293 3303 3304 3304 3309 3317 3340 3353 3370 3374 3374 3369 3363 3361 3357 3345 3338 3315 3314 3318 3327 3335 3338 3340 3342 3344 3348 3351 3350 3343 3334.63159179688 3329 3322 3315 3303 3296 3289 3285 3277 3264 3260 3258 3257 3250 3233 3222 3203 3196 3191 3177 3157 3133 3113 3088 3080 3075 3073 3072 3079 3093 3098 3105 3112 3122 3135 3136 3141 3158 3185
3219 3226 3234 3240 3253 3256 3260 3266 3274 3276 3281 3302 3313 3334 3346 3363 3366 3366 3364 3361 3360 3353 3338 3330 3305 3303 3309 3324 3333 3335 3337 3338 3339 3341 3340 3339 3332 3323.89477539062 3318.4736328125 3312 3297 3293 3287 3282 3280 3274 3265 3262 3261 3259 3251 3235 3225 3205 3174 3161 3152 3143 3124 3105 3085 3080 3084 3088 3089 3091 3103 3110 3122 3118 3127 3140 3149 3157 3180 3206
3208 3214 3223 3229 3238 3244 3247 3253 3254 3261 3276 3296 3307 3327 3335 3347 3354 3356 3358 3355 3353 3343 3328 3312 3299 3296 3301 3320 3327 3328 3329 3330 3330 3330 3327 3325 3319 3313 3306.15795898438 3298 3282 3279 3275 3271 3268 3262 3256 3252 3245 3245 3242 3232 3224 3205 3179 3165 3144 3116 3109 3097 3089 3092 3100 3108 3111 3117 3111 3118 3131 3132 3132 3148 3162 3175 3192 3226
3196 3201 3214 3220 3228 3237 3241 3246 3247 3257 3271 3293 3305 3322 3329 3339 3346 3349 3353 3351 3348 3339 3324 3309 3297 3295 3300 3317 3323 3324 3324 3325 3325 3323 3320 3319 3313 3306 3302 3288 3274 3272 3268 3263 3260 3255 3247 3241 3235 3235 3234 3227 3220 3203 3179 3166 3146 3114 3106 3095 3093 3097 3106 3117 3120 3117 3122 3126 3138 3139 3139 3152 3172 3182 3198 3235
3180 3188 3198 3203 3213 3223 3227 3229 3240 3247 3261 3286 3296 3311 3315 3320 3330 3338 3344 3343 3341 3333 3312 3304 3292 3288 3294 3310 3317 3318 3316 3315 3314 3312 3307 3305 3299 3289 3284 3272.69995117188 3259 3257 3255 3250 3246 3239 3231 3227 3219 3215 3215 3212 3207 3192 3171 3161 3146 3114 3106 3096 3100 3100 3111 3122 3127 3133 3134 3135 3142 3148 3150 3165 3186 3193 3225 3247
3180 3193 3200 3202 3208 3213 3213 3220 3232 3239 3256 3274 3281 3291 3294 3305 3317 3323 3335 3335 3333 3325 3306 3300 3286 3278 3281 3300 3307 3309 3308 3306 3304 3300 3296 3293 3285 3274 3269 3260 3248 3245 3242 3241 3239 3228 3219 3214 3201 3194 3194 3191 3188 3175 3159 3150 3136 3111 3105 3097 3104 3112 3121 3131 3135 3142 3149 3153 3159 3163 3168 3180 3194 3204 3235 3261
3185 3198 3202 3204 3207 3208 3208 3216 3226 3232 3249 3264 3270 3278 3280 3297 3313 3319 3328 3329 3327 3320 3303 3297 3284 3278 3279 3293 3300 3303 3303 3301 3300 3296 3291 3288 3280 3269 3264 3252.21044921875 3242 3240 3237 3236 3233 3223 3215 3210 3197 3185 3183 3179 3175 3164 3150 3143 3136 3111 3104 3100 3112 3120 3127 3135 3139 3146 3160 3166 3173 3174 3178 3189 3198 3209 3240 3269
3190 3203 3208 3208 3205 3201 3200 3208 3215 3219 3232 3243 3247 3260 3266 3287 3309 3315 3320 3318 3317 3309 3297 3291 3281 3277 3276 3278 3283 3287 3293 3292 3289 3284 3280 3277 3268 3257 3253 3242.84204101562 3236 3232 3227 3222 3220 3215 3208 3203 3190 3177 3173 3163 3157 3154 3143 3137 3126 3110 3105 3112 3124 3130 3138 3140 3144 3159 3182 3189 3195 3194 3197 3215 3217 3215 3256 3280
3187 3201 3207 3207 3199 3192 3196 3203 3211 3216 3225 3235 3239 3256 3264 3286 3306 3312 3318 3315 3312 3303 3291 3286 3280 3275 3274 3275 3279 3282 3287 3285 3283 3279 3274 3270 3262 3251 3247 3239 3230 3227 3221 3215 3213 3209 3202 3197 3185 3176 3171 3163 3157 3147 3140 3134 3123 3109 3105 3119 3130 3135 3143 3146 3150 3166 3190 3200 3210 3208 3210 3223 3227 3224 3263 3285
3169 3176 3180 3181 3185 3184 3188 3199 3202 3209 3222 3230 3236 3254 3265 3284 3300 3304 3308 3306 3302 3292 3279 3277 3274 3272 3271 3272 3276 3278 3279 3277 3275 3270 3263 3261 3252 3241 3239 3229 3221 3217 3206 3198 3195 3190 3178 3170 3176 3169 3167 3161 3156 3142 3131 3126 3114 3115 3123 3138 3148 3153 3157 3160 3163 3179 3208 3222 3236 3234 3236 3245 3248 3244 3270 3295
3140 3140 3142 3150 3180 3180 3179 3192 3203 3211 3222 3230 3236 3253 3261 3277 3290 3294 3297 3294 3289 3274 3271 3270 3269 3266 3265 3266 3270 3271 3272 3269 3267 3263 3258 3255 3245 3237 3234 3222 3214.85009765625 3211 3195 3181 3178 3179 3163 3159 3157 3151 3148 3148 3144 3138 3121 3117 3116 3130 3140 3159 3167 3169 3170 3173 3175 3187 3213 3227 3245 3251 3256 3267 3273 3267 3274 3302
3125 3129 3137 3149 3182 3178 3178 3192 3204 3210 3221 3230 3236 3250 3257 3271 3282 3287 3291 3288 3284 3271 3268 3268 3267 3264 3262 3263 3266 3268 3268 3266 3264 3260 3257 3253 3244 3237 3234 3221 3213.30004882812 3211 3193 3181 3178 3174 3162 3162 3160 3148 3140 3140 3138 3134 3122 3120 3122 3135 3146 3164 3171 3173 3175 3180 3182 3193 3214 3226 3244 3257 3263 3276 3285 3285 3284 3303
3106 3127 3152 3162 3171 3168 3178 3185 3193 3202 3218 3228 3233 3242 3247 3257 3266 3271 3279 3279 3277 3265 3262 3263 3265 3261 3259 3259 3261 3262 3262 3260 3259 3256 3252 3250 3244 3240 3233 3220 3212.19995117188 3210 3191 3179 3179 3179 3179 3179 3174 3159 3150 3143 3143 3139 3131 3131 3140 3141 3149 3166 3175 3179 3189 3198 3201 3209 3222 3231 3253 3269 3277 3293 3304 3312 3317 3314
3104 3121 3139 3149 3160 3155 3160 3172 3192 3203 3221 3227 3229 3234 3236 3244 3248 3251 3261 3267 3268 3263 3258 3259 3259 3254 3252 3254 3257 3257 3256 3254 3252 3248 3245 3244 3244 3241 3234 3222 3210.21044921875 3205 3192 3188 3189 3190 3192 3192 3189 3182 3175 3158 3154 3147 3140 3152 3167 3169 3169 3166 3179 3188 3205 3216 3221 3231 3240 3247 3265 3281 3291 3309 3333 3338 3333 3320
3102 3112 3126 3148 3154 3151 3158 3171 3188 3198 3219 3225 3227 3229 3231 3234 3237 3241 3254 3262 3264 3262 3254 3253 3251 3244 3245 3250 3254 3254 3253 3250 3248 3244 3245 3244 3243 3242 3234 3220 3209.052734375 3201 3196 3199 3199 3200 3204 3204 3200 3192 3186 3171 3165 3154 3153 3171 3180 3184 3184 3174 3180 3192 3212 3225 3231 3243 3251 3255 3270 3290 3301 3319 3347 3348 3336 3320
3130 3124 3120 3132 3140 3144 3154 3173 3186 3195 3212 3221 3223 3216 3213 3213 3220 3229 3246 3255 3258 3250 3237 3236 3234 3236 3239 3246 3249 3249 3246 3245 3244 3241 3239 3238 3238 3229 3223 3212 3200 3209.27783203125 3215 3225 3227 3232 3239 3240 3234 3224 3215 3194 3185 3170 3175 3190 3202 3210 3210 3198 3188 3200 3225 3242 3249 3264 3277 3279 3289 3306 3313 3333 3362 3356 3336 3322
3156 3154 3141 3136 3137 3153 3164 3179 3186 3190 3204 3211 3211 3198 3194 3211 3230 3237 3244 3250 3248 3237 3224 3223 3217 3237 3244 3248 3248 3248 3244 3240 3239 3238 3236 3235 3230 3219 3216 3212 3214 3219 3235 3246 3252 3262 3270 3274 3270 3257 3247 3222 3207 3186 3193 3211 3229 3236 3236 3222 3198 3205 3236 3256 3266 3286 3297 3300 3310 3320 3325 3342 3360 3352 3333 3319
3166 3168 3150 3143 3141 3160 3170 3182 3183 3184 3195 3200 3199 3189 3192 3217 3234 3240 3243 3247 3245 3232 3217 3214 3211 3234 3244 3248 3248 3247 3242 3239 3239 3237 3235 3234 3228 3219 3218 3216 3222 3228 3244.31567382812 3257 3265 3278 3286 3288 3286 3268 3255 3231 3217 3194 3211 3222 3238 3244 3244 3231 3209 3210 3238 3260 3272 3291 3300 3305 3317 3325 3330 3345 3355 3346 3328 3316
