data/DEM.asc
NCOLS 476 
NROWS 964 
XLLCORNER 355546.149814753 
YLLCORNER 2135367.91622243 
CELLSIZE 50 
NODATA_value -3.4e+38 
[rows 68 to 101 of 964, columns 152 to 227 of 476]
2882 2852 2831 2820 2802 2793 2786 2761 2757 2769 2804 2838 2854 2886 2921 2920 2902 2885 2864 2844 2829 2798 2801 2818 2853 2888 2903 2933 2974 2990 3006 2969 2952 2927 2912 2919 2928 2944 2955 2979 2984 2982 2968 2946 2937 2918 2899 2895 2886 2885 2898 2927 2955 2967 2990 3001 3011 2995 2980 2946 2916 2900 2873 2853 2830 2816 2796 2782 2773 2804 2820 2855 2878 2889 2909 2932
2895 2866 2843 2830 2803 2781 2777 2761 2758 2765 2799 2833 2846 2891 2907 2907 2891 2879 2863 2835 2819 2799 2802 2818 2848 2877 2893 2926 2969 2990 3005 2981 2962 2933 2934 2942 2957 2968 2977 3001 3005 2999 2981 2960 2950 2931 2925 2924 2909 2899 2895 2921 2948 2960 2986 2999 3017 3004 2984 2950 2922 2908 2880 2871 2862 2845 2818 2801 2773 2803 2818 2841 2859 2867 2890 2918
2899 2869 2844 2832 2808 2793 2786 2765 2759 2764 2796 2828 2839 2885 2899 2899 2884 2876 2860 2829 2815 2799 2811 2826 2847 2873 2887 2920 2962 2984 3007 2988 2970 2938 2941 2954 2968 2978 2989 3016 3015 3007 2987 2967 2956 2939 2937 2937 2921 2906 2899 2919 2950 2961 2986 3000 3020 3012 2994 2962 2934 2922 2899 2884 2872 2854 2824 2801 2774 2800 2815 2838 2855 2865 2891 2919
2897 2873 2849 2836 2819 2806 2799 2777 2760 2761 2788 2819 2830 2868 2883 2882 2876 2871 2853 2818 2810 2824 2847 2855 2870 2881 2888 2912 2949 2970 3010 2997 2982 2954 2955 2967 2986 3003 3013 3032 3031 3023 2997 2979 2973 2966 2961 2955 2935 2919 2911 2920 2954 2967 2989 3000 3023 3022 3012 2985 2955 2944 2924 2885 2878 2858 2826 2807 2775 2798 2813 2835 2854 2866 2893 2918
2903 2879 2856 2845 2825 2815 2811 2795 2770 2763 2781 2811 2824 2851 2869 2871 2869 2863 2835 2813 2816 2841 2860 2871 2890 2906 2913 2933 2958 2977 3020 3005 2992 2966 2963 2977 3003 3025 3036 3044 3043 3037 3017 3001 2999 2998 2975 2965 2940 2920 2915 2927 2960 2970 2989 2998 3018 3019 3011 2986 2960 2948 2927 2888 2879 2856 2822 2807 2781 2798 2811 2833 2853 2864 2886 2907
2910 2881 2862 2851 2836 2824 2820 2802 2774 2765 2780 2807 2820 2842 2862 2865 2865 2858 2827 2815 2818 2843 2861 2873 2892 2913 2927 2948 2971 2990 3025 3009 2998 2976 2970 2981 3009 3032 3042 3050 3050 3045 3029 3014 3011 3009 2980 2969 2943 2920 2917 2931 2962 2971 2987 2996 3012 3010 3004 2986 2960 2949 2924 2885 2875 2849 2819 2806 2785 2796 2806 2826 2849 2860 2878 2899
2918 2889 2876 2867 2854 2835 2826 2810 2782 2774 2772 2791 2806 2835 2851 2854 2849 2840 2821 2819 2826 2849 2869 2878 2891 2920 2939 2960 2988 3022 3040 3027 3018 3004 2988 2998 3023 3047 3056 3063 3069 3068 3060 3043 3036 3019 2981 2967 2945 2925 2929 2950 2970 2977 2998 3006 3010 3003 2994 2973 2946 2934 2908 2879 2868 2838 2809 2800 2790 2803 2802 2810 2833 2848 2865 2883
2910 2883 2866 2859 2846 2830 2819 2807 2787 2780 2773 2780 2805 2828 2847 2848 2839 2833 2820 2831 2841 2859 2881 2889 2896 2919 2936 2956 2983 3014 3041 3040 3037 3021 3009 3015 3041 3067 3076 3086 3089 3087 3078 3057 3046 3018 2975 2961 2940 2941 2956 2969 2975 2985 3010 3018 3017 2999 2986 2953 2927 2912 2888 2869 2859 2831 2801 2795 2819 2840 2834 2817 2820 2830 2845 2863
2915 2887 2867 2859 2842 2825 2818 2809 2798 2791 2780 2780 2800 2822 2845 2847 2841 2835 2824 2839 2847 2863 2884 2894 2906 2923 2934 2954 2980 3012 3039 3045 3043 3030 3019 3024 3049 3076 3086 3099 3099 3097 3084 3060 3046 3015 2973 2959 2938 2951 2963 2969 2983 2995 3019 3021 3016 2998 2983 2950 2923 2908 2882 2858 2848 2827 2800 2801 2832 2857 2852 2829 2820 2825 2836 2849
2933 2911 2889 2878 2857 2846 2843 2834 2815 2808 2800 2787 2795 2814 2840 2845 2844 2840 2830 2844 2854 2874 2889 2898 2928 2946 2952 2966 3007 3023 3045 3054 3054 3048 3040 3043 3065 3097 3107 3113 3111 3107 3090 3061 3046 3001 2972 2959 2940 2957 2968 2989 3006 3013 3020 3019 3010 2985 2969 2937 2910 2897 2868 2840 2831 2819 2800 2802 2840 2874 2877 2861 2841 2839 2839 2839
2952 2931 2902 2893 2885 2879 2873 2847 2826 2823 2829 2798 2793 2812 2839 2846 2846 2842 2835 2844 2854 2879 2895 2905 2934 2959 2969 2988 3018 3035 3061 3067 3067 3064 3066 3069 3089 3110 3115 3118 3116 3112 3090 3058 3041 3002 2972 2961 2952 2967 2981 3008 3019 3021 3020 3018 3007 2982 2969 2945 2919 2905 2868 2840 2831 2816 2803 2813 2849 2886 2894 2886 2870 2864 2859 2844
2958 2936 2911 2905 2897 2888 2881 2853 2838 2839 2843 2801 2796 2809 2838 2846 2847 2843 2835 2843 2854 2879 2896 2906 2934 2959 2970 2989 3024 3039 3064 3072 3073 3073 3080 3084 3101 3114 3117 3119 3116 3111 3088 3058 3041 3005 2974 2963 2956 2974 2990 3016 3024 3025 3022 3019 3005 2984 2973 2952 2927 2913 2871 2845 2834 2816 2806 2821 2856 2897 2904 2898 2885 2881 2875 2859
2974 2949 2936 2934 2922 2896 2889 2880 2872 2870 2858 2815 2803 2801 2823 2837 2847 2846 2838 2843 2853 2879 2893 2901 2928 2948 2957 2976 3013 3027 3056 3073 3079 3088 3101 3106 3113 3118 3119 3120 3116 3110 3083 3058 3041 3004 2981 2972 2968 2991 3007 3030 3036 3036 3029 3023 3005 2983 2971 2947 2929 2918 2873 2846 2834 2816 2817 2831 2862 2906 2920 2924 2919 2916 2905 2884
2997 2977 2957 2951 2941 2916 2904 2894 2886 2880 2859 2832 2818 2804 2815 2829 2852 2854 2842 2844 2850 2872 2890 2898 2917 2936 2946 2966 2990 3005 3040 3066 3076 3092 3108 3113 3119 3119 3120 3121 3117 3110 3081 3060 3050 3016 2998 2988 2988 3011 3020 3041 3051 3046 3030 3021 3000 2972 2959 2938 2919 2906 2873 2843 2831 2817 2821 2837 2865 2905 2926 2944 2941 2937 2924 2908
3012 2997 2970 2960 2948 2930 2917 2898 2887 2879 2856 2832 2823 2810 2817 2830 2856 2860 2851 2846 2851 2870 2888 2894 2910 2933 2941 2958 2986 3003 3041 3067 3076 3090 3107 3113 3119 3120 3122 3123 3117 3110 3082 3063 3045 3025 3002 2991 2998 3021 3028 3048 3057 3049 3027 3015 2991 2964 2953 2929 2908 2890 2871 2840 2829 2817 2822 2839 2869 2905 2928 2950 2948 2944 2932 2917
3035 3023 3001 2985 2960 2943 2932 2905 2889 2881 2854 2841 2836 2826 2828 2839 2859 2862 2860 2849 2853 2869 2884 2887 2897 2924 2933 2959 2981 2999 3036 3063 3068 3084 3102 3108 3119 3124 3126 3125 3117 3111 3088 3067 3054 3032 3009 3009 3018 3039 3047 3061 3060 3046 3012 3001 2974 2948 2937 2908 2891 2879 2858 2832 2827 2818 2826 2843 2878 2912 2930 2961 2962 2959 2947 2933
3042 3025 3010 3000 2969 2947 2938 2918 2906 2899 2879 2863 2855 2836 2828 2843 2859 2862 2863 2857 2854 2864 2881 2883 2893 2918 2929 2955 2978 2990 3029 3054 3058 3064 3074 3081 3101 3119 3123 3124 3117 3111 3093 3071 3055 3038 3026 3028 3040 3056 3064 3070 3060 3048 3020 3009 2985 2958 2948 2932 2915 2899 2883 2866 2851 2819 2832 2848 2886 2920 2937 2969 2976 2973 2961 2944
3038 3024 3011 3003 2974 2951 2942 2929 2918 2908 2886 2872 2863 2839 2830 2841 2857 2861 2864 2859 2856 2860 2875 2881 2890 2910 2923 2953 2978 2990 3018 3036 3042 3053 3065 3071 3087 3110 3117 3123 3117 3109 3094 3065 3057 3042 3039 3040 3050 3064 3071 3075 3065 3056 3031 3020 2999 2973 2963 2948 2918 2907 2891 2871 2853 2820 2836 2851 2888 2922 2941 2974 2983 2980 2968 2951
3024 3020 3009 3002 2981 2967 2962 2951 2936 2926 2893 2880 2871 2847 2833 2838 2851 2857 2868 2869 2864 2857 2864 2874 2885 2901 2915 2949 2966 2973 2985 2998 3011 3030 3046 3057 3066 3080 3094 3114 3113 3107 3097 3079 3068 3055 3059 3062 3072 3082 3084 3077 3067 3063 3043 3032 3010 2992 2980 2956 2919 2905 2886 2866 2852 2829 2838 2853 2894 2930 2950 2981 2994 2993 2981 2961
3019 3018 3006 2999 2993 2980 2973 2960 2944 2935 2895 2877 2866 2851 2839 2836 2844 2850 2875 2888 2886 2873 2862 2870 2881 2890 2900 2932 2941 2946 2958 2979 2987 3003 3019 3026 3036 3060 3072 3102 3110 3110 3108 3102 3091 3080 3089 3095 3099 3095 3087 3068 3052 3049 3038 3026 2996 2974 2965 2946 2907 2892 2873 2857 2850 2835 2840 2858 2900 2938 2953 2987 3001 3001 2987 2970
3018 3018 3008 3002 2999 2985 2975 2959 2942 2921 2894 2874 2868 2860 2845 2838 2842 2849 2877 2895 2896 2873 2866 2866 2876 2885 2905 2922 2932 2936 2950 2967 2974 2986 2999 3006 3031 3055 3067 3096 3110 3112 3115 3111 3103 3097 3105 3110 3107 3093 3081 3061 3042 3039 3031 3023 2993 2964 2953 2936 2897 2883 2864 2853 2848 2835 2836 2856 2900 2938 2952 2982 2998 2997 2987 2977
3021 3021 3015 3010 3002 2986 2973 2951 2935 2913 2892 2888 2890 2887 2865 2848 2842 2851 2879 2901 2906 2900 2885 2879 2874 2875 2886 2896 2913 2924 2936 2940 2941 2958 2987 2998 3019 3040 3055 3084 3107 3113 3120 3127 3126 3125 3127 3123 3104 3078 3066 3048 3026 3016 3013 3010 2987 2953 2940 2915 2880 2870 2858 2865 2870 2861 2835 2849 2894 2928 2941 2955 2960 2963 2981 3001
3026 3026 3019 3013 2997 2983 2973 2950 2934 2912 2901 2913 2918 2902 2874 2856 2846 2854 2883 2910 2922 2926 2915 2908 2890 2880 2877 2883 2899 2910 2918 2920 2926 2944 2974 2987 3007 3024 3037 3068 3100 3109 3124 3140 3144 3145 3137 3126 3091 3065 3055 3032 3009 2997 2981 2979 2965 2934 2925 2889 2872 2873 2887 2904 2905 2888 2855 2844 2881 2909 2918 2926 2930 2939 2968 2996
3028 3030 3023 3016 2996 2980 2971 2950 2924 2917 2914 2927 2929 2902 2880 2862 2850 2857 2885 2912 2925 2938 2931 2923 2904 2881 2878 2879 2890 2899 2904 2917 2925 2942 2967 2979 3000 3015 3027 3059 3092 3104 3121 3144 3150 3153 3139 3125 3089 3060 3050 3023 3001 2987 2964 2958 2947 2922 2912 2882 2879 2887 2904 2919 2920 2901 2866 2854 2870 2895 2902 2909 2919 2929 2959 2990
3027 3038 3033 3025 3002 2982 2973 2956 2941 2939 2928 2939 2936 2910 2884 2868 2856 2863 2892 2921 2935 2956 2959 2955 2941 2913 2902 2884 2880 2884 2893 2910 2921 2943 2959 2969 2991 3005 3011 3037 3067 3078 3111 3139 3154 3161 3138 3121 3089 3061 3051 3030 3003 2986 2951 2938 2921 2902 2896 2896 2902 2910 2930 2944 2943 2921 2886 2870 2855 2862 2868 2879 2903 2916 2945 2977
3025 3041 3036 3029 3010 2986 2975 2961 2941 2939 2939 2946 2942 2910 2884 2869 2859 2868 2897 2927 2942 2964 2968 2966 2957 2934 2922 2900 2887 2884 2893 2909 2919 2940 2955 2965 2987 3002 3007 3027 3055 3065 3105 3133 3148 3155 3133 3120 3091 3069 3060 3039 3011 2996 2964 2949 2922 2903 2901 2910 2914 2920 2944 2956 2951 2929 2895 2880 2864 2856 2858 2872 2899 2913 2942 2988
3021 3049 3047 3040 3025 2992 2979 2965 2966 2966 2965 2960 2951 2914 2888 2873 2863 2877 2900 2930 2949 2975 2987 2989 2980 2960 2951 2933 2912 2900 2890 2900 2907 2927 2942 2951 2975 2999 3004 3017 3040 3050 3090 3121 3136 3136 3111 3100 3088 3075 3062 3032 3007 2998 2974 2960 2928 2917 2919 2944 2948 2954 2977 2982 2971 2943 2907 2898 2897 2870 2859 2866 2894 2909 2932 2987
3021 3056 3055 3048 3030 3007 2993 2973 2979 2982 2982 2971 2956 2914 2891 2879 2875 2883 2899 2930 2949 2981 3013 3020 3013 2981 2970 2955 2934 2919 2897 2895 2898 2918 2938 2948 2972 2987 2997 3014 3035 3045 3075 3110 3122 3126 3099 3082 3063 3056 3048 3026 3002 2990 2963 2949 2930 2944 2948 2962 2979 2987 3002 2997 2984 2954 2923 2922 2923 2891 2873 2863 2887 2902 2930 2989
3018 3056 3062 3058 3034 3012 3000 2983 2986 2988 2986 2971 2954 2912 2889 2879 2878 2886 2900 2929 2949 2981 3018 3029 3028 2993 2982 2966 2947 2933 2903 2897 2899 2915 2937 2948 2968 2980 2991 3011 3029 3052 3073 3107 3120 3126 3100 3082 3059 3040 3031 3020 3004 2992 2960 2946 2936 2959 2964 2966 2992 3003 3011 2999 2986 2957 2934 2935 2929 2894 2874 2871 2892 2909 2938 2990
3016 3054 3067 3065 3045 3020 3009 3001 3004 3003 2993 2967 2950 2910 2883 2877 2879 2892 2909 2929 2944 2979 3017 3034 3042 3021 3008 2986 2964 2952 2926 2909 2904 2915 2935 2945 2960 2975 2986 3008 3027 3050 3072 3104 3116 3125 3101 3086 3064 3038 3024 3008 2993 2983 2966 2965 2961 2979 2993 2986 3014 3027 3024 3005 2993 2972 2957 2952 2926 2886 2872 2883 2907 2920 2944 2985
3014 3051 3067 3068 3058 3031 3021 3020 3019 3017 3000 2971 2959 2924 2893 2882 2880 2891 2914 2936 2953 2987 3020 3036 3060 3046 3032 2999 2965 2952 2931 2920 2916 2914 2929 2939 2960 2979 2989 3009 3032 3054 3070 3097 3111 3121 3099 3081 3060 3039 3026 3006 2991 2988 2995 2999 2986 2992 3018 3018 3036 3047 3041 3025 3013 2992 2973 2960 2928 2882 2873 2887 2917 2922 2951 2978
3017 3047 3065 3068 3062 3039 3033 3033 3028 3023 3005 2976 2965 2936 2901 2887 2878 2889 2914 2941 2959 2989 3021 3039 3066 3052 3038 3001 2966 2954 2940 2928 2920 2915 2928 2939 2960 2978 2987 3007 3041 3053 3069 3094 3109 3121 3099 3081 3062 3042 3029 3008 3000 3005 3013 3016 2996 3018 3029 3033 3051 3059 3052 3032 3021 2993 2969 2958 2926 2881 2874 2890 2921 2930 2951 2973
3015 3035 3053 3060 3065 3059 3056 3048 3040 3031 3007 2980 2971 2952 2916 2897 2880 2889 2914 2945 2959 2977 3012 3033 3062 3054 3042 3014 2989 2981 2972 2951 2934 2918 2923 2934 2957 2975 2984 3004 3030 3040 3062 3085 3104 3121 3109 3094 3068 3050 3037 3014 3030 3038 3041 3038 3013 3044 3057 3070 3079 3079 3065 3040 3026 2996 2963 2946 2914 2880 2876 2893 2926 2937 2963 2988
3001 3017 3034 3044 3061 3061 3060 3046 3031 3022 2998 2970 2962 2947 2924 2913 2895 2890 2906 2929 2940 2967 3001 3016 3030 3042 3044 3037 3023 3016 3001 2975 2959 2929 2922 2932 2959 2976 2984 3002 3025 3034 3057 3085 3106 3123 3112 3099 3071 3053 3041 3031 3048 3058 3063 3057 3035 3060 3073 3094 3093 3085 3061 3035 3022 2999 2969 2949 2910 2880 2876 2901 2932 2948 2967 2992
