data/DEM.asc
NCOLS 476 
NROWS 964 
XLLCORNER 355546.149814753 
YLLCORNER 2135367.91622243 
CELLSIZE 50 
NODATA_value -3.4e+38 
[rows 136 to 169 of 964, columns 76 to 151 of 476]
2595 2576 2551 2549 2558 2575 2587 2583 2584 2588 2595 2600 2608 2621 2635 2642 2660 2673 2682 2689 2694 2708 2722 2731 2775 2811 2819 2835 2854 2864 2887 2913 2925 2940 2945 2948 2959 2968 2973 2989 3008 3018 3022 3038 3043 3049 3062 3065 3072 3085 3095 3107 3114 3116 3124 3124 3131 3133 3127 3121 3122 3125 3123 3113 3109 3101 3098 3100 3110 3135 3146 3168 3201 3207 3204 3181
2590 2567 2546 2548 2569 2598 2605 2598 2589 2592 2602 2614 2622 2635 2650 2660 2682 2690 2694 2700 2708 2732 2741 2749 2795 2821 2824 2839 2859 2868 2893 2922 2934 2940 2936 2937 2950 2965 2971 2988 3015 3018 3018 3024 3026 3031 3045 3049 3061 3078 3087 3102 3113 3116 3124 3129 3139 3143 3141 3138 3140 3143 3139 3122 3116 3107 3103 3103 3109 3129 3141 3164 3198 3209 3212 3199
2583 2549 2539 2550 2591 2612 2613 2599 2593 2603 2633 2657 2663 2675 2687 2693 2704 2711 2732 2745 2752 2766 2776 2782 2797 2792 2794 2807 2831 2845 2881 2904 2901 2893 2892 2896 2914 2938 2946 2965 3007 3010 3003 2991 2987 2983 2994 3006 3033 3050 3073 3091 3109 3114 3122 3126 3133 3145 3153 3162 3163 3165 3166 3151 3143 3125 3113 3110 3110 3119 3131 3154 3181 3198 3222 3223
2573 2541 2534 2549 2582 2599 2592 2579 2581 2590 2615 2639 2648 2662 2681 2689 2700 2707 2727 2738 2741 2759 2768 2755 2744 2743 2745 2757 2802 2823 2870 2870 2858 2848 2852 2868 2890 2899 2904 2925 2965 2968 2962 2948 2944 2945 2960 2989 3018 3028 3027 3047 3081 3089 3095 3093 3087 3112 3123 3140 3144 3151 3177 3178 3169 3152 3136 3126 3117 3117 3126 3148 3165 3178 3217 3227
2568 2539 2532 2546 2575 2586 2583 2572 2574 2584 2602 2621 2629 2646 2663 2672 2691 2699 2715 2719 2722 2739 2742 2726 2718 2721 2726 2754 2797 2820 2859 2852 2839 2826 2839 2857 2883 2885 2889 2906 2945 2948 2941 2927 2921 2930 2960 2974 3003 3007 3006 3022 3056 3066 3071 3069 3059 3091 3103 3119 3124 3130 3161 3179 3177 3162 3147 3139 3123 3119 3125 3145 3160 3171 3211 3226
2558 2532 2520 2528 2558 2568 2569 2562 2558 2570 2584 2597 2601 2616 2634 2647 2678 2687 2689 2688 2696 2719 2710 2691 2692 2718 2732 2763 2803 2825 2838 2813 2802 2791 2825 2845 2863 2858 2864 2883 2907 2909 2907 2909 2903 2914 2940 2952 2967 2963 2966 2990 3017 3026 3033 3032 3032 3055 3060 3070 3078 3088 3119 3146 3161 3181 3168 3159 3145 3130 3127 3138 3154 3163 3197 3217
-3.4e+38 -3.4e+38 -3.4e+38 2519 2543 2553 2550 2538 2532 2542 2558 2564 2574 2600 2630 2648 2668 2667 2655 2673 2687 2690 2671 2666 2691 2726 2741 2781 2807 2818 2814 2782 2768 2776 2822 2836 2835 2833 2839 2881 2887 2889 2890 2872 2872 2892 2925 2937 2931 2931 2938 2960 2988 2996 2999 2996 3008 3023 3025 3033 3044 3054 3085 3114 3130 3166 3181 3179 3163 3148 3143 3139 3148 3165 3179 3197
-3.4e+38 -3.4e+38 -3.4e+38 -3.4e+38 -3.4e+38 -3.4e+38 2545 2535 2526 2530 2543 2549 2564 2599 2636 2652 2662 2656 2641 2667 2678 2669 2657 2661 2691 2724 2742 2781 2803 2805 2791 2762 2750 2772 2818 2825 2820 2822 2839 2881 2873 2875 2873 2852 2858 2883 2917 2925 2916 2918 2926 2948 2968 2975 2976 2974 2990 3002 3006 3019 3031 3040 3067 3096 3110 3146 3177 3182 3174 3157 3151 3144 3145 3161 3173 3188
-3.4e+38 -3.4e+38 -3.4e+38 -3.4e+38 -3.4e+38 -3.4e+38 -3.4e+38 -3.4e+38 2520 2517 2525 2534 2556 2599 2630 2638 2632 2625 2615 2648 2654 2634 2642 2667 2696 2727 2740 2764 2774 2769 2744 2728 2730 2761 2793 2810 2806 2815 2828 2862 2847 2849 2844 2833 2843 2875 2903 2900 2889 2896 2905 2928 2944 2944 2938 2940 2958 2964 2969 2985 3004 3014 3036 3060 3073 3102 3139 3155 3178 3180 3175 3157 3153 3159 3166 3179
-3.4e+38 -3.4e+38 -3.4e+38 -3.4e+38 -3.4e+38 -3.4e+38 -3.4e+38 -3.4e+38 2516 2512 2517 2531 2556 2590 2606 2608 2604 2600 2601 2630 2628 2602 2645 2671 2695 2708 2716 2744 2741 2732 2715 2713 2723 2752 2778 2776 2777 2803 2819 2831 2820 2823 2816 2821 2838 2871 2883 2872 2859 2869 2880 2901 2912 2915 2911 2918 2934 2942 2947 2958 2975 2987 3013 3033 3046 3072 3105 3119 3146 3172 3177 3171 3166 3166 3168 3176
-3.4e+38 -3.4e+38 -3.4e+38 -3.4e+38 -3.4e+38 -3.4e+38 -3.4e+38 -3.4e+38 2515 2509 2512 2530 2553 2584 2596 2598 2593 2588 2600 2620 2613 2595 2647 2669 2688 2700 2712 2732 2729 2721 2702 2713 2719 2744 2760 2756 2764 2796 2810 2816 2806 2810 2806 2818 2836 2864 2870 2859 2846 2858 2869 2889 2897 2900 2901 2909 2920 2928 2933 2946 2964 2976 3002 3022 3034 3062 3094 3107 3139 3163 3169 3174 3173 3173 3173 3176
-3.4e+38 -3.4e+38 -3.4e+38 -3.4e+38 -3.4e+38 -3.4e+38 -3.4e+38 -3.4e+38 2508 2500 2506 2530 2541 2563 2574 2574 2565 2560 2584 2596 2586 2606 2639 2652 2664 2693 2703 2710 2717 2708 2693 2703 2712 2725 2726 2730 2756 2781 2787 2788 2791 2794 2784 2800 2816 2836 2845 2836 2821 2843 2853 2870 2873 2872 2878 2888 2895 2901 2906 2922 2943 2954 2975 3004 3020 3062 3104 3119 3136 3144 3153 3173 3181 3182 3182 3184
-3.4e+38 -3.4e+38 -3.4e+38 -3.4e+38 -3.4e+38 -3.4e+38 -3.4e+38 -3.4e+38 2501 2499 2508 2532 2537 2547 2551 2544 2537 2540 2559 2560 2562 2601 2626 2636 2653 2686 2693 2699 2691 2682 2673 2691 2696 2703 2714 2726 2755 2765 2763 2759 2766 2771 2768 2784 2790 2803 2819 2814 2802 2826 2835 2848 2849 2846 2851 2861 2869 2880 2885 2903 2929 2944 2973 3006 3021 3050 3073 3083 3100 3120 3133 3157 3173 3178 3185 3192
-3.4e+38 -3.4e+38 -3.4e+38 -3.4e+38 -3.4e+38 -3.4e+38 -3.4e+38 -3.4e+38 2500 2498 2509 2532 2537 2542 2540 2533 2533 2539 2550 2550 2563 2594 2616 2636 2653 2675 2682 2689 2677 2671 2663 2684 2688 2695 2713 2726 2749 2754 2748 2745 2755 2762 2762 2780 2782 2788 2805 2801 2795 2819 2829 2838 2838 2835 2843 2850 2859 2872 2880 2903 2930 2947 2976 3008 3020 3037 3052 3061 3083 3111 3123 3141 3154 3161 3176 3192
-3.4e+38 -3.4e+38 -3.4e+38 -3.4e+38 -3.4e+38 -3.4e+38 -3.4e+38 -3.4e+38 2500 2496 2506 2524 2527 2527 2520 2519 2527 2532 2528 2545 2567 2587 2610 2627 2643 2661 2672 2672 2655 2652 2641 2670 2677 2688 2711 2721 2733 2728 2727 2727 2739 2740 2748 2763 2764 2765 2774 2775 2781 2804 2813 2811 2811 2814 2833 2842 2861 2881 2894 2922 2954 2969 2985 2996 2996 2996 3008 3019 3053 3094 3105 3108 3115 3119 3142 3177
-3.4e+38 -3.4e+38 -3.4e+38 -3.4e+38 -3.4e+38 -3.4e+38 -3.4e+38 -3.4e+38 2496 2492 2502 2510 2511 2511 2514 2518 2520 2524 2527 2540 2548 2579 2598 2604 2627 2654 2660 2649 2628 2621 2631 2660 2670 2688 2702 2707 2711 2712 2712 2715 2719 2724 2732 2736 2736 2742 2756 2760 2779 2787 2788 2791 2815 2826 2855 2868 2896 2908 2919 2946 2965 2966 2957 2950 2949 2952 2976 2996 3033 3059 3060 3061 3071 3079 3113 3151
-3.4e+38 -3.4e+38 -3.4e+38 -3.4e+38 -3.4e+38 -3.4e+38 -3.4e+38 2500 2494 2490 2499 2504 2503 2502 2509 2515 2520 2520 2526 2539 2544 2576 2594 2598 2623 2642 2646 2634 2613 2607 2635 2660 2666 2685 2697 2700 2705 2705 2705 2709 2717 2721 2722 2723 2726 2739 2752 2761 2779 2782 2782 2795 2826 2840 2870 2883 2902 2905 2913 2941 2956 2950 2936 2929 2929 2939 2971 2994 3027 3040 3037 3041 3055 3069 3104 3140
-3.4e+38 -3.4e+38 -3.4e+38 -3.4e+38 -3.4e+38 -3.4e+38 -3.4e+38 2495 2488 2485 2491 2495 2495 2498 2504 2506 2512 2516 2524 2537 2543 2575 2593 2598 2607 2604 2600 2594 2592 2597 2630 2641 2658 2683 2690 2692 2695 2694 2694 2700 2708 2710 2712 2718 2721 2731 2753 2764 2774 2770 2769 2803 2835 2847 2878 2880 2875 2872 2884 2915 2916 2908 2895 2892 2898 2929 2966 2983 3002 2996 2992 3003 3031 3047 3084 3120
-3.4e+38 -3.4e+38 -3.4e+38 -3.4e+38 -3.4e+38 -3.4e+38 -3.4e+38 2487 2481 2480 2487 2491 2492 2498 2507 2511 2510 2514 2519 2527 2535 2548 2565 2568 2572 2576 2582 2593 2609 2619 2639 2660 2669 2679 2682 2683 2685 2684 2684 2694 2700 2699 2704 2713 2717 2726 2750 2757 2759 2754 2762 2795 2821 2829 2847 2849 2843 2856 2868 2882 2876 2868 2859 2868 2881 2917 2952 2961 2960 2952 2954 2980 3014 3035 3067 3096
-3.4e+38 -3.4e+38 -3.4e+38 -3.4e+38 -3.4e+38 -3.4e+38 -3.4e+38 2484 2481 2480 2484 2489 2493 2504 2515 2518 2528 2528 2522 2529 2537 2540 2551 2555 2567 2594 2603 2608 2631 2640 2653 2667 2673 2677 2679 2680 2681 2679 2682 2689 2695 2696 2702 2710 2713 2724 2743 2750 2751 2751 2760 2786 2806 2814 2829 2830 2829 2848 2855 2862 2857 2850 2848 2865 2879 2912 2943 2947 2936 2933 2937 2973 3011 3034 3060 3082
-3.4e+38 -3.4e+38 -3.4e+38 -3.4e+38 -3.4e+38 -3.4e+38 -3.4e+38 2481 2472 2473 2487 2503 2511 2529 2539 2540 2551 2553 2535 2537 2543 2564 2583 2584 2582 2613 2621 2619 2636 2642 2653 2668 2673 2672 2673 2673 2670 2675 2678 2681 2686 2692 2700 2702 2707 2719 2721 2724 2730 2743 2751 2763 2772 2783 2798 2799 2802 2821 2825 2824 2819 2819 2838 2869 2883 2904 2910 2904 2895 2902 2936 2969 3007 3025 3041 3052
-3.4e+38 -3.4e+38 -3.4e+38 -3.4e+38 -3.4e+38 -3.4e+38 -3.4e+38 2469 2472 2473 2494 2520 2533 2547 2560 2562 2567 2568 2560 2555 2559 2579 2599 2602 2607 2618 2621 2622 2629 2634 2644 2661 2665 2665 2664 2664 2662 2666 2669 2675 2681 2685 2692 2696 2698 2701 2713 2718 2723 2737 2739 2740 2745 2760 2773 2772 2780 2793 2795 2795 2795 2800 2829 2864 2876 2880 2873 2869 2872 2898 2938 2964 2986 2996 3012 3021
-3.4e+38 -3.4e+38 -3.4e+38 -3.4e+38 -3.4e+38 -3.4e+38 -3.4e+38 2469 2472 2473 2491 2525 2541 2556 2566 2569 2571 2571 2566 2566 2572 2585 2603 2608 2615 2620 2622 2624 2630 2634 2643 2658 2661 2661 2659 2661 2659 2662 2664 2671 2680 2682 2687 2690 2691 2697 2715 2720 2721 2729 2731 2734 2738 2754 2760 2761 2772 2784 2787 2786 2789 2796 2821 2851 2861 2864 2858 2857 2868 2897 2936 2957 2971 2978 2993 3003
-3.4e+38 -3.4e+38 -3.4e+38 -3.4e+38 -3.4e+38 -3.4e+38 -3.4e+38 2468 2479 2486 2495 2514 2529 2547 2562 2566 2568 2564 2560 2569 2578 2589 2606 2613 2621 2623 2624 2628 2634 2638 2647 2655 2656 2651 2650 2651 2657 2658 2660 2662 2672 2675 2677 2681 2681 2692 2703 2707 2710 2716 2720 2733 2741 2743 2742 2745 2756 2766 2769 2771 2780 2787 2801 2818 2825 2825 2840 2851 2874 2906 2915 2931 2941 2948 2962 2969
-3.4e+38 -3.4e+38 -3.4e+38 -3.4e+38 -3.4e+38 -3.4e+38 -3.4e+38 2465 2487 2498 2504 2510 2517 2534 2535 2536 2540 2540 2554 2560 2569 2579 2597 2604 2621 2622 2625 2633 2638 2642 2653 2656 2652 2639 2641 2642 2647 2651 2654 2659 2664 2666 2667 2670 2676 2682 2687 2689 2690 2703 2717 2731 2735 2734 2728 2733 2740 2749 2751 2755 2767 2773 2786 2793 2796 2807 2837 2855 2874 2881 2886 2905 2920 2926 2951 2958
-3.4e+38 -3.4e+38 -3.4e+38 -3.4e+38 -3.4e+38 -3.4e+38 2457 2466 2492 2500 2510 2521 2530 2547 2548 2545 2539 2540 2566 2576 2582 2581 2593 2599 2616 2620 2625 2637 2644 2649 2658 2657 2652 2638 2640 2641 2643 2645 2648 2656 2661 2662 2662 2667 2673 2677 2680 2682 2684 2697 2709 2724 2724 2723 2724 2728 2737 2742 2744 2749 2760 2766 2780 2785 2788 2804 2830 2843 2854 2868 2874 2895 2920 2926 2938 2945
-3.4e+38 -3.4e+38 -3.4e+38 -3.4e+38 -3.4e+38 -3.4e+38 2456 2480 2505 2512 2535 2554 2561 2576 2589 2585 2573 2566 2598 2613 2618 2615 2607 2605 2615 2622 2636 2652 2658 2660 2662 2660 2655 2637 2632 2640 2640 2639 2639 2646 2651 2651 2660 2664 2666 2667 2668 2671 2681 2689 2694 2704 2708 2709 2719 2721 2727 2733 2736 2740 2749 2753 2763 2774 2783 2800 2811 2813 2821 2854 2863 2884 2899 2904 2912 2919
-3.4e+38 -3.4e+38 -3.4e+38 -3.4e+38 -3.4e+38 -3.4e+38 2468 2492 2512 2526 2551 2570 2580 2602 2608 2607 2599 2596 2603 2619 2624 2628 2628 2630 2636 2642 2647 2657 2661 2662 2665 2663 2659 2635 2627 2629 2632 2637 2639 2642 2641 2645 2658 2661 2661 2660 2659 2663 2680 2685 2688 2694 2705 2712 2720 2721 2729 2736 2739 2743 2758 2768 2775 2776 2780 2800 2812 2819 2828 2840 2852 2868 2877 2881 2890 2903
-3.4e+38 -3.4e+38 -3.4e+38 -3.4e+38 -3.4e+38 -3.4e+38 2477 2496 2514 2530 2553 2573 2585 2603 2607 2606 2602 2601 2604 2616 2621 2627 2631 2635 2641 2643 2647 2656 2660 2662 2665 2664 2659 2635 2620 2622 2626 2638 2641 2642 2638 2643 2654 2658 2658 2658 2659 2663 2678 2682 2684 2693 2707 2719 2731 2733 2740 2748 2750 2754 2770 2786 2796 2789 2790 2800 2823 2832 2842 2840 2848 2859 2865 2871 2881 2895
-3.4e+38 -3.4e+38 -3.4e+38 -3.4e+38 -3.4e+38 2472 2485 2496 2512 2526 2549 2567 2579 2595 2600 2601 2601 2601 2599 2608 2615 2620 2625 2631 2638 2638 2640 2648 2657 2660 2663 2663 2661 2643 2617 2613 2620 2638 2639 2629 2641 2644 2647 2649 2650 2655 2660 2663 2670 2674 2679 2698 2710 2718 2744 2754 2764 2771 2778 2787 2799 2809 2813 2809 2809 2825 2851 2863 2876 2860 2856 2861 2868 2873 2883 2892
-3.4e+38 -3.4e+38 -3.4e+38 -3.4e+38 -3.4e+38 2460 2470 2487 2503 2513 2535 2558 2568 2586 2598 2600 2594 2585 2584 2604 2611 2618 2619 2622 2624 2629 2634 2641 2651 2656 2660 2660 2658 2649 2624 2611 2617 2625 2620 2621 2641 2641 2639 2641 2643 2648 2653 2655 2671 2679 2684 2719 2730 2735 2760 2771 2784 2789 2792 2795 2808 2817 2840 2845 2845 2851 2863 2877 2904 2890 2885 2895 2900 2899 2909 2927
-3.4e+38 -3.4e+38 -3.4e+38 -3.4e+38 -3.4e+38 2465 2470 2479 2494 2505 2527 2548 2558 2579 2595 2597 2586 2573 2581 2603 2607 2611 2612 2613 2611 2622 2629 2638 2647 2653 2660 2659 2654 2647 2620 2602 2612 2619 2613 2623 2637 2638 2636 2639 2641 2644 2648 2654 2678 2695 2702 2728 2743 2753 2777 2784 2794 2789 2792 2800 2816 2824 2845 2851 2854 2862 2871 2881 2919 2911 2909 2917 2918 2914 2921 2946
-3.4e+38 -3.4e+38 -3.4e+38 -3.4e+38 -3.4e+38 2492 2494 2498 2496 2497 2514 2530 2538 2564 2584 2582 2558 2557 2579 2589 2588 2588 2585 2580 2579 2603 2619 2634 2639 2640 2651 2647 2639 2625 2603 2594 2599 2608 2618 2623 2626 2626 2628 2633 2635 2642 2658 2668 2704 2726 2731 2741 2774 2784 2790 2794 2802 2814 2818 2824 2830 2835 2841 2851 2856 2874 2886 2890 2908 2926 2938 2952 2958 2953 2951 2971
-3.4e+38 -3.4e+38 -3.4e+38 -3.4e+38 -3.4e+38 2504 2505 2507 2503 2502 2506 2521 2531 2557 2569 2565 2553 2558 2574 2580 2579 2574 2568 2562 2576 2607 2619 2630 2630 2628 2643 2640 2631 2606 2593 2593 2600 2615 2620 2619 2619 2620 2624 2633 2638 2653 2674 2685 2714 2735 2740 2754 2774 2784 2798 2800 2806 2822 2826 2833 2835 2837 2840 2852 2857 2878 2895 2897 2899 2919 2934 2956 2971 2971 2968 2982
