data/temperature.asc
ncols         476
nrows         964
xllcorner     355546.14981475
yllcorner     2135367.9162224
cellsize      50
NODATA_value  -9999
[rows 390 to 419 of 964, columns 264 to 329 of 476]
11.56081 11.5598 11.54754 11.55665 11.53658 11.53443 11.52984 11.52039 11.47739 11.42942 11.37705 11.32872 11.25608 11.18681 11.14913 11.08625 11.01474 10.9408 10.8899 10.79895 10.69442 10.624 10.49746 10.35617 10.24127 10.16211 10.04989 9.956369 9.893546 9.827675 9.752576 9.684234 9.629313 9.544188 9.454559 9.402713 9.4068 9.421773 9.428996 9.438326 9.426851 9.38448 9.351539 9.302641 9.262355 9.224438 9.174549 9.114203 9.074459 9.009613 8.936821 8.930355 8.975448 9.059599 9.152323 9.224495 9.290676 9.336206 9.346389 9.344481 9.350145 9.367503 9.401925 9.446059 9.507428 9.551396
11.63351 11.67532 11.66436 11.62879 11.63368 11.63253 11.59431 11.54974 11.49946 11.43724 11.38195 11.32609 11.26665 11.20587 11.14787 11.08603 11.01677 10.94181 10.86974 10.78256 10.69464 10.57459 10.42433 10.32528 10.19816 10.10492 10.02034 9.976033 9.93739 9.896639 9.865384 9.801699 9.711995 9.602551 9.545159 9.517219 9.521172 9.516638 9.526505 9.508024 9.454199 9.401894 9.327894 9.262941 9.224988 9.169829 9.111618 9.066349 8.994122 8.926814 8.891149 8.908585 8.976987 9.062114 9.140517 9.213382 9.249551 9.281469 9.279531 9.272084 9.283554 9.325077 9.386742 9.449089 9.501759 9.572926
11.73556 11.77043 11.7663 11.74901 11.73582 11.69452 11.64402 11.56886 11.49291 11.44182 11.37936 11.3229 11.26422 11.20105 11.14035 11.07585 10.99704 10.91647 10.84396 10.76907 10.65014 10.53834 10.41969 10.28047 10.1743 10.10227 10.03988 10.02406 10.04256 10.01936 9.974536 9.896484 9.815565 9.701848 9.650524 9.653459 9.659516 9.661362 9.64995 9.623785 9.560736 9.444859 9.370777 9.298483 9.223455 9.140379 9.091361 9.021027 8.942569 8.888746 8.869511 8.912437 8.99331 9.055683 9.127151 9.185385 9.226137 9.227166 9.222338 9.236204 9.261545 9.305019 9.377685 9.443775 9.504211 9.550874
11.82185 11.85252 11.85686 11.84467 11.81016 11.73351 11.61638 11.54892 11.45956 11.4112 11.35132 11.31708 11.24482 11.16808 11.12404 11.0452 10.95791 10.88879 10.83241 10.74251 10.62099 10.52696 10.41046 10.29267 10.19956 10.13447 10.1174 10.12463 10.12739 10.14944 10.08339 9.973577 9.866328 9.815004 9.778824 9.769608 9.792995 9.79927 9.752943 9.706396 9.64454 9.558146 9.448069 9.350655 9.269849 9.160711 9.071833 9.000545 8.960568 8.914356 8.913363 8.937099 9.000019 9.058406 9.108908 9.135733 9.161075 9.168811 9.181397 9.197175 9.237443 9.296772 9.350524 9.402363 9.443881 9.502585
11.88458 11.92684 11.93334 11.89024 11.81517 11.69975 11.58342 11.4613 11.36822 11.3252 11.29237 11.24294 11.17375 11.11856 11.04735 10.96678 10.91332 10.84114 10.7803 10.69248 10.62103 10.51474 10.40561 10.33936 10.28959 10.26295 10.23866 10.26486 10.28287 10.25175 10.16932 10.06022 9.975958 9.908951 9.911109 9.930161 9.926558 9.903358 9.887336 9.814611 9.717131 9.624333 9.529119 9.424655 9.282631 9.171469 9.103368 9.057152 9.03215 9.042343 9.010784 9.007557 9.01981 9.037936 9.062655 9.081901 9.090751 9.106325 9.128639 9.171618 9.199506 9.252331 9.308916 9.340444 9.366247 9.413754
11.99131 11.98621 11.9622 11.88941 11.76997 11.6439 11.48786 11.35657 11.27293 11.21041 11.13958 11.09232 11.06565 10.99786 10.92393 10.8881 10.82067 10.7611 10.72126 10.66757 10.58796 10.53058 10.46595 10.42864 10.42604 10.42138 10.42107 10.39534 10.36358 10.30892 10.19507 10.09588 10.05695 10.02194 10.01607 10.02461 10.03458 10.01939 9.943698 9.874731 9.762238 9.653307 9.542683 9.42771 9.286556 9.192603 9.147653 9.155093 9.159736 9.132173 9.128174 9.098974 9.05039 9.033188 9.019941 9.021791 9.039416 9.057621 9.078103 9.130711 9.176881 9.209985 9.234634 9.263888 9.287075 9.318452
12.05099 12.01829 11.93162 11.81016 11.72161 11.56268 11.41288 11.31877 11.20941 11.10416 11.03431 10.99115 10.93003 10.86743 10.83542 10.77525 10.72052 10.69258 10.65635 10.62591 10.59049 10.55325 10.54406 10.55731 10.54409 10.55289 10.53673 10.46367 10.37982 10.29252 10.20762 10.15317 10.12936 10.12912 10.12416 10.13528 10.13822 10.10465 10.00643 9.88808 9.75266 9.672985 9.538807 9.409663 9.313398 9.266887 9.266381 9.284064 9.293019 9.291292 9.262462 9.185253 9.11622 9.035345 8.987167 8.971697 8.96778 8.988502 9.036763 9.079728 9.118075 9.159496 9.176329 9.175344 9.204929 9.255916
12.08996 11.97403 11.85369 11.73629 11.61391 11.47618 11.40478 11.29412 11.1791 11.08464 10.9795 10.90684 10.83723 10.78735 10.72175 10.67432 10.6378 10.60476 10.60435 10.61414 10.62633 10.6485 10.66867 10.66694 10.688 10.65773 10.58177 10.47318 10.35693 10.2779 10.21482 10.19933 10.21869 10.21748 10.23197 10.25773 10.22173 10.13074 10.00051 9.887033 9.771004 9.65067 9.541247 9.465876 9.39244 9.386047 9.410063 9.41839 9.425735 9.421461 9.387073 9.299331 9.148374 9.051505 8.944455 8.902669 8.923713 8.938221 8.989569 9.037532 9.071247 9.084719 9.10084 9.118813 9.133465 9.187801
12.07254 11.94405 11.78191 11.65497 11.56129 11.4813 11.40711 11.33963 11.24367 11.10784 11.00008 10.94394 10.86468 10.76973 10.69606 10.65844 10.62602 10.62075 10.63389 10.68078 10.71081 10.74002 10.76329 10.77391 10.73746 10.68734 10.57909 10.44132 10.34591 10.29048 10.24925 10.25483 10.27132 10.3126 10.33577 10.3087 10.25736 10.13952 10.00455 9.883444 9.781868 9.67092 9.57734 9.518043 9.516298 9.501783 9.519664 9.547615 9.543971 9.507708 9.455819 9.373017 9.234041 9.060897 8.905839 8.846887 8.858675 8.911583 8.961589 8.99608 9.007933 9.021071 9.032266 9.050021 9.081413 9.134337
12.06474 11.93089 11.77708 11.65284 11.57988 11.52561 11.4592 11.37713 11.29501 11.19025 11.08474 11.01229 10.94022 10.828 10.73026 10.69244 10.69388 10.68422 10.71551 10.77609 10.80856 10.85283 10.86774 10.8512 10.77036 10.66778 10.53627 10.45016 10.36545 10.32654 10.31336 10.32798 10.36444 10.40703 10.41879 10.37088 10.26707 10.14755 10.01453 9.902882 9.795423 9.72367 9.65762 9.630494 9.615998 9.661437 9.677793 9.661675 9.642687 9.613299 9.541775 9.433368 9.284294 9.139133 8.963525 8.868777 8.895531 8.936902 9.00219 9.027374 9.043939 9.03538 9.050564 9.070278 9.090218 9.141975
12.06923 11.94337 11.83561 11.74308 11.66682 11.58139 11.53557 11.45009 11.36453 11.27028 11.20361 11.12437 11.01008 10.89249 10.80448 10.7801 10.77037 10.80129 10.83426 10.85795 10.91875 10.96948 10.94233 10.8673 10.74485 10.63681 10.54041 10.44815 10.41077 10.39383 10.39302 10.4232 10.46499 10.48993 10.47294 10.37598 10.28799 10.13962 10.0107 9.936318 9.856274 9.779902 9.743596 9.721445 9.739304 9.767705 9.76714 9.770216 9.731366 9.658407 9.598413 9.488392 9.342073 9.206026 9.087656 8.997987 8.975921 9.034372 9.100784 9.127076 9.112218 9.138441 9.153155 9.145887 9.167108 9.216766
12.08533 12.0071 11.90781 11.8166 11.76913 11.6803 11.58831 11.51112 11.4559 11.36023 11.24653 11.1793 11.04726 10.90975 10.85111 10.85221 10.88067 10.90182 10.90665 10.95404 11.01177 11.01704 10.98343 10.87035 10.72261 10.62323 10.53891 10.48744 10.46062 10.46661 10.48614 10.50665 10.53818 10.56738 10.50705 10.38925 10.25187 10.1459 10.04676 9.961731 9.908072 9.88399 9.842905 9.837218 9.86834 9.875373 9.881454 9.856028 9.815763 9.730265 9.639194 9.527389 9.432732 9.321431 9.205371 9.146149 9.149776 9.176001 9.202758 9.234836 9.250349 9.26644 9.26484 9.289515 9.305246 9.305355
12.10116 12.02191 11.9596 11.88823 11.81801 11.74287 11.66168 11.56962 11.49162 11.39616 11.29374 11.16981 11.02012 10.93986 10.91277 10.95282 11.00892 11.01457 11.02726 11.05989 11.08819 11.07829 10.99607 10.86182 10.73789 10.63373 10.57239 10.54949 10.56096 10.56981 10.56511 10.61354 10.64613 10.60968 10.5276 10.38425 10.25682 10.16217 10.08531 10.04324 9.999978 9.980009 9.982973 9.979289 9.970692 9.986044 9.994265 9.941493 9.865195 9.785854 9.705847 9.596133 9.483044 9.418688 9.325278 9.273589 9.274132 9.280727 9.308926 9.335927 9.35494 9.371123 9.390409 9.389517 9.400171 9.422833
12.117 12.0442 11.98956 11.94823 11.88815 11.8008 11.71252 11.6233 11.51755 11.39948 11.25771 11.13063 11.01767 10.945 10.99049 11.04708 11.10459 11.13295 11.15969 11.15676 11.15968 11.10045 11.02591 10.8744 10.74252 10.69841 10.6617 10.6597 10.6661 10.66527 10.678 10.69565 10.69282 10.6476 10.51682 10.36337 10.29064 10.20408 10.14709 10.11132 10.11646 10.10296 10.07498 10.07287 10.09528 10.09251 10.05114 10.00251 9.920465 9.827562 9.747412 9.662936 9.560993 9.47633 9.417459 9.384839 9.358383 9.371955 9.413704 9.431234 9.448668 9.477881 9.503138 9.501358 9.517248 9.55065
12.12254 12.08043 12.03391 11.97154 11.92058 11.82609 11.71549 11.61222 11.51999 11.37137 11.2155 11.10755 10.99736 10.98107 11.0373 11.12351 11.20167 11.22901 11.22945 11.24517 11.2089 11.12666 11.00698 10.89185 10.80309 10.75268 10.76299 10.77248 10.75038 10.75256 10.77715 10.7676 10.73444 10.62858 10.51809 10.39753 10.31406 10.26498 10.24043 10.2329 10.23178 10.22277 10.20676 10.20613 10.19884 10.1941 10.13565 10.05892 9.97464 9.892148 9.81174 9.719224 9.651614 9.573623 9.523962 9.477556 9.484553 9.497244 9.503886 9.549244 9.584939 9.590845 9.595242 9.618437 9.634511 9.634245
12.16138 12.11931 12.07239 12.008 11.91018 11.77489 11.68226 11.55723 11.44652 11.30953 11.21719 11.09457 11.01453 11.02571 11.12945 11.22004 11.27516 11.31458 11.32478 11.29203 11.23279 11.13347 11.02818 10.92551 10.86942 10.87107 10.87211 10.86135 10.87068 10.8745 10.85445 10.82461 10.75901 10.63843 10.51189 10.42298 10.37631 10.34097 10.33387 10.35569 10.33823 10.32753 10.32885 10.32265 10.31174 10.26967 10.20928 10.14007 10.03595 9.93612 9.887203 9.80234 9.724188 9.657798 9.620102 9.582261 9.567168 9.57183 9.601481 9.638998 9.647148 9.676576 9.687567 9.692116 9.692674 9.71613
12.21039 12.16061 12.09352 11.98904 11.87883 11.7477 11.59099 11.47042 11.39024 11.30301 11.19999 11.14802 11.089 11.13338 11.22485 11.27837 11.34718 11.37528 11.3625 11.31198 11.21949 11.12435 11.07762 11.00459 10.96841 10.96708 10.97783 10.96378 10.95046 10.94099 10.92746 10.85639 10.75189 10.65563 10.53268 10.46324 10.42588 10.43063 10.43849 10.42173 10.42637 10.42113 10.40146 10.39875 10.38726 10.32784 10.24968 10.17937 10.09784 10.00184 9.925329 9.865849 9.806233 9.754385 9.715734 9.695268 9.651178 9.647967 9.677746 9.697896 9.728842 9.743663 9.750441 9.755727 9.763823 9.783013
12.23356 12.17939 12.08732 11.9663 11.86483 11.70876 11.55529 11.45 11.37017 11.32553 11.25946 11.20797 11.20252 11.248 11.28956 11.3514 11.41038 11.41161 11.36153 11.28949 11.2297 11.17949 11.14431 11.12564 11.09321 11.08773 11.07767 11.06087 11.02187 10.99359 10.9442 10.88842 10.76601 10.65231 10.57507 10.52368 10.51471 10.51907 10.5364 10.53645 10.51912 10.4938 10.49917 10.47849 10.4243 10.36268 10.28256 10.21392 10.13401 10.06586 9.999084 9.936268 9.888103 9.854174 9.808035 9.747486 9.712804 9.700682 9.710093 9.744627 9.774906 9.784623 9.797992 9.80748 9.817389 9.824944
12.26921 12.17223 12.06081 11.97841 11.85301 11.69017 11.5747 11.48632 11.44007 11.39696 11.3985 11.3567 11.34311 11.34237 11.40307 11.44797 11.46745 11.44694 11.38171 11.32015 11.28002 11.2707 11.26073 11.21507 11.18653 11.1652 11.13813 11.08891 11.03691 10.9855 10.93772 10.85229 10.75353 10.6825 10.60781 10.59037 10.59382 10.61132 10.62929 10.62526 10.60234 10.57691 10.5468 10.51741 10.44622 10.35345 10.28563 10.23257 10.16137 10.08993 10.04977 10.00577 9.952634 9.891829 9.848619 9.78095 9.732653 9.715656 9.7345 9.771375 9.793015 9.813694 9.831322 9.83772 9.842841 9.856105
12.26464 12.18269 12.08028 11.97061 11.84785 11.74476 11.62383 11.56096 11.55014 11.55621 11.54483 11.48913 11.46 11.45831 11.49062 11.51386 11.5431 11.49718 11.41482 11.3886 11.37263 11.35598 11.32115 11.26619 11.20255 11.16712 11.12978 11.06493 10.99989 10.94103 10.87205 10.8053 10.74478 10.68049 10.65525 10.64054 10.65268 10.69177 10.70601 10.69097 10.65931 10.62802 10.58619 10.52454 10.42827 10.35957 10.27726 10.22166 10.1712 10.12772 10.09064 10.04562 10.00065 9.919935 9.845105 9.782125 9.734667 9.724364 9.752823 9.782036 9.818289 9.838843 9.850305 9.86636 9.872409 9.875328
12.27163 12.17148 12.09513 12.003 11.88999 11.78685 11.72639 11.66544 11.66397 11.69451 11.67434 11.62489 11.58099 11.58739 11.58189 11.60788 11.61719 11.57895 11.51098 11.47234 11.44894 11.40214 11.33298 11.23969 11.18222 11.1157 11.05802 11.0061 10.90748 10.84023 10.79849 10.76239 10.72455 10.70489 10.69105 10.70702 10.72789 10.74779 10.7666 10.74611 10.69061 10.63635 10.57277 10.4887 10.41396 10.32265 10.25882 10.21803 10.17406 10.13896 10.11389 10.06421 9.983226 9.895381 9.832839 9.75783 9.721896 9.727408 9.757779 9.807039 9.843475 9.858856 9.879942 9.891006 9.889644 9.889162
12.27894 12.19395 12.11349 12.05283 11.98695 11.92459 11.84537 11.84995 11.85137 11.83253 11.81129 11.77335 11.71741 11.68108 11.69317 11.70112 11.67964 11.63456 11.5862 11.53255 11.46082 11.37437 11.29785 11.21157 11.11579 11.03291 10.98217 10.88636 10.80425 10.77145 10.74625 10.73628 10.72927 10.72603 10.73033 10.75183 10.76862 10.81027 10.80657 10.74574 10.68733 10.6024 10.511 10.45079 10.36729 10.29518 10.24886 10.21074 10.1792 10.14977 10.11608 10.0602 9.967628 9.876139 9.794128 9.739504 9.724558 9.735067 9.776589 9.826842 9.861164 9.886477 9.907358 9.911524 9.911173 9.906262
12.28458 12.23598 12.16694 12.11669 12.0809 12.05573 12.01813 11.98948 11.97901 11.97511 11.92742 11.84212 11.81507 11.78258 11.76477 11.73276 11.7088 11.65492 11.59628 11.52936 11.4352 11.35041 11.26681 11.16365 11.06622 10.99275 10.89695 10.80707 10.76619 10.74915 10.74251 10.74496 10.7489 10.7572 10.7825 10.80559 10.84877 10.86525 10.8337 10.73798 10.64097 10.5441 10.47702 10.39512 10.32177 10.28646 10.24228 10.21253 10.18605 10.16674 10.12965 10.05671 9.974131 9.878529 9.793446 9.741742 9.733206 9.758873 9.801599 9.849047 9.893555 9.920409 9.932295 9.944524 9.95089 9.93427
12.33145 12.28142 12.24102 12.21738 12.19681 12.17633 12.14896 12.09477 12.06577 12.03194 11.99984 11.92982 11.87506 11.83623 11.78685 11.73438 11.67513 11.63442 11.55261 11.47657 11.40844 11.31912 11.23189 11.13135 11.0459 10.9495 10.85891 10.79314 10.7718 10.78754 10.7796 10.78375 10.80576 10.82016 10.84265 10.89492 10.93486 10.9152 10.84028 10.73267 10.64411 10.54372 10.44667 10.38633 10.3263 10.2842 10.25088 10.22942 10.2016 10.17482 10.14474 10.09414 10.00846 9.903475 9.840654 9.766166 9.757777 9.776334 9.826223 9.879147 9.918737 9.940494 9.96566 9.984018 9.980742 9.982576
12.37867 12.36295 12.32188 12.29398 12.26552 12.21718 12.14256 12.0778 12.02525 12.00581 11.96286 11.91581 11.87837 11.81563 11.73757 11.68715 11.62344 11.55033 11.48115 11.44102 11.36786 11.28765 11.22933 11.15189 11.05419 10.95207 10.89912 10.84457 10.84743 10.84707 10.86309 10.86459 10.87018 10.89678 10.95263 10.98814 10.97903 10.95145 10.85858 10.75289 10.6553 10.57106 10.47725 10.40328 10.33869 10.28797 10.25593 10.22694 10.205 10.18458 10.15553 10.10315 10.04561 9.961055 9.876791 9.815878 9.786993 9.809757 9.861646 9.901135 9.942037 9.971981 10.00345 10.01993 10.03596 10.03202
12.43739 12.41762 12.39143 12.32665 12.25988 12.17563 12.0797 12.01528 11.97952 11.92798 11.89475 11.87254 11.82101 11.75511 11.69948 11.63131 11.55714 11.49384 11.44942 11.40498 11.35168 11.30055 11.24474 11.17954 11.12516 11.03417 10.97502 10.9659 10.95983 10.97429 10.97501 10.97743 11.00143 11.0411 11.05847 11.06946 11.03392 10.96203 10.89108 10.79358 10.70079 10.60376 10.52599 10.43478 10.34009 10.2854 10.24523 10.22058 10.20312 10.18332 10.15524 10.12119 10.06207 10.00215 9.924602 9.846709 9.815963 9.842462 9.87697 9.932517 9.973245 10.00009 10.02626 10.05704 10.08014 10.07807
12.5012 12.4826 12.40785 12.33626 12.20863 12.1073 12.029 11.97924 11.93389 11.88023 11.84652 11.80278 11.75426 11.70591 11.63276 11.5711 11.51662 11.46909 11.43184 11.40382 11.36474 11.32006 11.28948 11.23533 11.17435 11.12731 11.09627 11.06872 11.08431 11.11173 11.09545 11.10845 11.14575 11.15401 11.13892 11.09268 11.02959 10.96233 10.87208 10.78404 10.71981 10.6189 10.51434 10.42865 10.34784 10.26655 10.22854 10.21678 10.19871 10.1749 10.15519 10.12443 10.07257 10.00608 9.948764 9.872434 9.836031 9.854834 9.900597 9.958323 9.993814 10.02262 10.05859 10.09031 10.10069 10.10854
12.54227 12.51202 12.42356 12.28757 12.16657 12.1056 12.03944 11.98869 11.93983 11.8867 11.82772 11.77114 11.73552 11.66543 11.59204 11.55307 11.50221 11.46356 11.44096 11.43572 11.415 11.37536 11.32815 11.29671 11.24082 11.19322 11.16686 11.17239 11.18716 11.18047 11.21378 11.23205 11.21356 11.19195 11.14054 11.07037 10.99085 10.90623 10.82405 10.75857 10.67468 10.57978 10.50843 10.4048 10.31721 10.25854 10.22588 10.21167 10.19015 10.17001 10.13793 10.10496 10.07247 10.01924 9.955373 9.883341 9.859992 9.881172 9.931657 9.974675 10.02239 10.05887 10.09174 10.1149 10.13494 10.13828
12.5714 12.51902 12.40865 12.27667 12.17816 12.11994 12.1147 12.05463 11.98177 11.90129 11.84952 11.78356 11.71687 11.6444 11.59263 11.54452 11.509 11.50299 11.50207 11.51282 11.50949 11.47636 11.42553 11.37073 11.31689 11.27266 11.25219 11.24838 11.26745 11.29557 11.31442 11.30428 11.26744 11.18896 11.10868 11.03186 10.93805 10.85267 10.78313 10.70465 10.6259 10.55242 10.46629 10.38924 10.32764 10.27143 10.24675 10.22207 10.1917 10.15274 10.11396 10.08802 10.04885 10.00674 9.968049 9.913042 9.887809 9.916605 9.950133 10.00844 10.05647 10.08177 10.1179 10.14676 10.16079 10.15872
12.61683 12.54597 12.41425 12.30136 12.23234 12.22068 12.19807 12.15626 12.06743 11.96609 11.8924 11.8313 11.74794 11.66971 11.61565 11.59936 11.57455 11.57479 11.60265 11.62335 11.61687 11.58108 11.54786 11.48082 11.40753 11.35417 11.33635 11.33229 11.35209 11.38116 11.37902 11.34446 11.25552 11.19613 11.09518 11.00705 10.92028 10.85888 10.76679 10.67813 10.62074 10.54271 10.46452 10.40259 10.37387 10.33455 10.28611 10.24465 10.1981 10.1452 10.10284 10.06575 10.03454 10.01032 9.976164 9.940498 9.924414 9.94245 9.990898 10.0414 10.07225 10.10571 10.14088 10.16714 10.18294 10.18642
