data/temperature.asc
ncols         476
nrows         964
xllcorner     355546.14981475
yllcorner     2135367.9162224
cellsize      50
NODATA_value  -9999
[rows 390 to 419 of 964, columns 198 to 263 of 476]
14.2215 14.19108 14.16024 14.14667 14.12417 14.10476 14.09125 14.08091 14.06723 14.04516 13.99571 13.86555 13.68776 13.59292 13.45975 13.35753 13.3055 13.24425 13.20021 13.1433 13.08493 13.04263 13.04371 13.0089 12.99049 13.0006 13.01272 13.00272 12.95332 12.89737 12.85306 12.85533 12.87299 12.85615 12.79955 12.69337 12.57228 12.43351 12.30149 12.1744 12.10574 12.01589 11.98897 11.99322 12.0451 12.07764 12.10652 12.1246 12.1444 12.13307 12.08999 12.01128 11.87559 11.6959 11.53994 11.36698 11.21545 11.08406 11.03719 11.06562 11.10975 11.19567 11.27842 11.33003 11.39442 11.48949
14.24306 14.22452 14.20029 14.18293 14.17117 14.1503 14.13185 14.11234 14.10059 14.06905 13.97339 13.79343 13.66522 13.53193 13.414 13.34424 13.26386 13.21727 13.20386 13.21271 13.18833 13.17356 13.1528 13.12618 13.06756 13.04556 13.06973 13.05503 13.00384 12.94599 12.9483 12.95303 12.93259 12.88851 12.80283 12.69652 12.54845 12.41038 12.30201 12.20324 12.11548 12.07372 12.05686 12.09947 12.14905 12.17846 12.2006 12.22514 12.22188 12.18795 12.10689 11.98991 11.90453 11.72161 11.52947 11.37196 11.25035 11.12646 11.12064 11.15133 11.24565 11.33346 11.38164 11.43879 11.50798 11.58796
14.27252 14.25057 14.24284 14.23264 14.21144 14.19412 14.18222 14.15256 14.12255 14.06142 13.97488 13.81555 13.64612 13.54103 13.45655 13.35306 13.28204 13.25888 13.28034 13.32238 13.32697 13.32027 13.2847 13.17399 13.12654 13.10801 13.1155 13.09311 13.0672 13.03512 13.0216 13.01044 12.97867 12.89663 12.80152 12.70246 12.56972 12.43512 12.34496 12.27399 12.18804 12.12557 12.14203 12.19811 12.22462 12.25767 12.29716 12.30708 12.25658 12.18245 12.08216 11.99496 11.87476 11.72094 11.56494 11.37565 11.23518 11.19072 11.22045 11.29984 11.39382 11.45609 11.54044 11.58267 11.61753 11.67237
14.29319 14.27526 14.26678 14.26182 14.25354 14.23433 14.20368 14.18095 14.13631 14.0827 13.97919 13.84477 13.6924 13.56457 13.47636 13.38604 13.3259 13.31849 13.39302 13.4441 13.44818 13.41402 13.34836 13.23846 13.17214 13.17571 13.17332 13.15658 13.13952 13.13327 13.09315 13.04663 12.97341 12.90773 12.80655 12.71939 12.62448 12.52999 12.43574 12.33116 12.26422 12.22636 12.24884 12.2831 12.35105 12.38622 12.38135 12.34891 12.2609 12.14303 12.04538 11.94817 11.84465 11.71106 11.52716 11.35182 11.2658 11.246 11.35044 11.44956 11.50923 11.59977 11.67701 11.70016 11.72738 11.7732
14.30032 14.29276 14.29617 14.29685 14.28684 14.275 14.24767 14.2008 14.14427 14.08387 13.99532 13.85969 13.73061 13.59217 13.49116 13.42168 13.39647 13.42763 13.47816 13.55653 13.5597 13.47273 13.35818 13.25147 13.21251 13.21199 13.22256 13.22643 13.20784 13.17775 13.12631 13.07148 12.99478 12.90819 12.8333 12.78007 12.69067 12.57803 12.5046 12.38591 12.30246 12.30774 12.33406 12.40894 12.44766 12.46199 12.45151 12.36317 12.23909 12.14993 12.02277 11.90811 11.82142 11.67563 11.49144 11.34573 11.28608 11.308 11.42731 11.51462 11.62412 11.71502 11.75363 11.80069 11.83576 11.85077
14.32017 14.31436 14.32702 14.33045 14.32184 14.30704 14.27849 14.22597 14.13516 14.06017 14.01422 13.87881 13.72291 13.60497 13.53901 13.47578 13.46714 13.49051 13.56694 13.62237 13.57215 13.49008 13.34673 13.25689 13.23781 13.26531 13.28234 13.26227 13.24655 13.21141 13.14558 13.08621 13.01428 12.93772 12.86044 12.79564 12.71686 12.61754 12.50069 12.40021 12.3535 12.35986 12.42094 12.49777 12.52602 12.53472 12.47996 12.39917 12.27162 12.15666 12.04184 11.93854 11.81406 11.65344 11.53804 11.39039 11.32985 11.36142 11.46035 11.58996 11.72387 11.7874 11.86708 11.90862 11.91582 11.96201
14.36295 14.35767 14.35609 14.36008 14.34984 14.33092 14.28139 14.20408 14.11486 14.06593 13.99822 13.88366 13.77272 13.66032 13.59728 13.58323 13.56181 13.59189 13.64957 13.65826 13.57489 13.45269 13.36406 13.30187 13.30852 13.34616 13.35221 13.3314 13.28457 13.22172 13.15228 13.0801 13.01456 12.95014 12.87379 12.79629 12.71692 12.63324 12.53517 12.44666 12.42686 12.46826 12.51589 12.55636 12.59584 12.58247 12.50834 12.39903 12.30555 12.21622 12.08794 11.96206 11.87296 11.74042 11.59727 11.49283 11.43315 11.44752 11.55698 11.66003 11.78171 11.89564 11.96836 11.99329 12.02943 12.04896
14.43096 14.40958 14.41512 14.40208 14.36851 14.32604 14.24844 14.15561 14.08825 14.04982 14.00558 13.9179 13.81138 13.74533 13.70005 13.66962 13.68388 13.71103 13.71858 13.68188 13.57216 13.48088 13.38823 13.37714 13.40239 13.41838 13.40892 13.36125 13.30851 13.21383 13.12347 13.06552 13.01658 12.95572 12.88049 12.83876 12.75279 12.64793 12.58406 12.5275 12.53137 12.55221 12.5846 12.63212 12.64342 12.60183 12.52201 12.41271 12.32316 12.2261 12.13076 12.02203 11.93035 11.84474 11.7346 11.6074 11.54568 11.58724 11.65948 11.75355 11.88342 11.97948 12.03315 12.07347 12.12265 12.12406
14.44308 14.43895 14.44013 14.428 14.38297 14.31299 14.2142 14.14839 14.06766 14.03771 14.00898 13.94678 13.8656 13.79669 13.78458 13.77235 13.77768 13.77348 13.77968 13.70803 13.59925 13.50892 13.47508 13.45809 13.46757 13.47307 13.43256 13.37531 13.30031 13.22331 13.1438 13.09001 13.06156 13.03174 12.96677 12.89798 12.81146 12.71627 12.63341 12.59924 12.62017 12.65714 12.68284 12.70716 12.67949 12.60918 12.49959 12.42521 12.32763 12.25035 12.17628 12.14059 12.08331 11.98832 11.88144 11.7921 11.72432 11.70628 11.80383 11.89973 11.96928 12.0398 12.12158 12.17904 12.1942 12.17401
14.33427 14.33854 14.39689 14.40055 14.37076 14.33872 14.24454 14.15359 14.08785 14.05342 14.02512 13.976 13.93806 13.89644 13.8745 13.86102 13.86231 13.84965 13.80224 13.73992 13.65848 13.60724 13.56053 13.5621 13.55023 13.50318 13.44816 13.38446 13.3309 13.26365 13.21898 13.2019 13.16315 13.12151 13.06328 12.95738 12.84515 12.73518 12.68573 12.66623 12.71218 12.76263 12.77241 12.74374 12.65934 12.56745 12.48778 12.40329 12.33946 12.30749 12.2793 12.26126 12.2203 12.16535 12.03178 11.90122 11.84465 11.83154 11.91846 11.9853 12.0376 12.09936 12.18317 12.23319 12.26885 12.19451
14.07498 14.17674 14.23205 14.27068 14.31683 14.32712 14.29916 14.22967 14.14511 14.08743 14.06646 14.03015 13.99878 13.98189 13.95994 13.94159 13.91556 13.88417 13.83418 13.76363 13.71702 13.68329 13.63599 13.59636 13.57736 13.53077 13.45734 13.39841 13.37259 13.33636 13.30532 13.27771 13.24194 13.16837 13.06632 12.97295 12.84716 12.75853 12.71973 12.74462 12.79901 12.82439 12.82699 12.75096 12.62494 12.53593 12.47646 12.44856 12.39757 12.37629 12.39034 12.37899 12.33513 12.27322 12.21283 12.06858 11.96889 11.96583 12.00307 12.08673 12.12653 12.15864 12.23826 12.31119 12.29899 12.22329
13.90095 13.97578 14.06789 14.13789 14.18914 14.27706 14.31031 14.27981 14.21454 14.14291 14.09568 14.07791 14.05911 14.02957 14.00844 13.97788 13.92986 13.87981 13.83427 13.7902 13.74564 13.69011 13.63251 13.59951 13.56844 13.53444 13.49824 13.4546 13.42842 13.4058 13.37312 13.31976 13.22664 13.15708 13.03834 12.93769 12.84392 12.80702 12.79795 12.82965 12.86558 12.90005 12.84858 12.73061 12.61818 12.55776 12.55985 12.53482 12.52664 12.49791 12.47572 12.4865 12.47448 12.41397 12.31544 12.21025 12.126 12.07329 12.12619 12.20222 12.20331 12.23066 12.31384 12.36412 12.34433 12.21218
13.74849 13.81937 13.88985 13.9546 14.06269 14.16962 14.2712 14.29501 14.25244 14.20007 14.15425 14.12488 14.10033 14.07032 14.02421 13.96478 13.89726 13.83753 13.80433 13.78407 13.73783 13.67219 13.6168 13.57771 13.5694 13.55885 13.53858 13.51682 13.48089 13.43438 13.37515 13.29202 13.21231 13.09791 12.99747 12.94048 12.88029 12.85589 12.88107 12.90374 12.95418 12.93901 12.88855 12.75311 12.6467 12.63867 12.65906 12.65697 12.61127 12.57979 12.5717 12.58686 12.54189 12.50826 12.39612 12.28334 12.21062 12.2007 12.24229 12.26292 12.28036 12.29712 12.35619 12.4083 12.37573 12.22403
13.60076 13.68304 13.76349 13.80167 13.91971 14.07955 14.21323 14.25956 14.26031 14.2163 14.19299 14.16609 14.13035 14.07281 14.03535 13.95066 13.85422 13.79884 13.77927 13.75703 13.7079 13.66566 13.61699 13.59421 13.58521 13.59208 13.57739 13.54161 13.49875 13.44108 13.36507 13.28384 13.19444 13.10289 13.02167 12.95796 12.92527 12.91559 12.93133 12.97777 13.01663 12.98728 12.90052 12.80681 12.74846 12.76362 12.78395 12.77975 12.71243 12.67187 12.67904 12.6786 12.6368 12.5411 12.45277 12.35743 12.31371 12.31518 12.33574 12.35143 12.34697 12.35376 12.42749 12.46258 12.37219 12.25462
13.50128 13.56475 13.6448 13.73465 13.83965 13.98573 14.14148 14.22495 14.22233 14.19756 14.16622 14.15004 14.12932 14.09642 14.03631 13.96554 13.88786 13.81048 13.77394 13.75268 13.71782 13.67596 13.64063 13.63215 13.62895 13.61937 13.59973 13.55997 13.50376 13.4333 13.38577 13.3075 13.22713 13.14529 13.08475 13.02707 12.97798 12.97858 13.00919 13.04 13.05187 13.03603 12.9731 12.8938 12.87579 12.90856 12.89057 12.83975 12.79984 12.78907 12.76122 12.73973 12.66923 12.5829 12.46963 12.41804 12.42182 12.42013 12.42597 12.42447 12.41492 12.44625 12.5006 12.4834 12.39291 12.2314
13.36714 13.47815 13.55098 13.6611 13.77457 13.92161 14.04718 14.13509 14.1709 14.13626 14.09464 14.08788 14.09804 14.08709 14.06909 14.01245 13.93119 13.86123 13.8089 13.77034 13.73828 13.71433 13.68581 13.67866 13.67492 13.64739 13.60548 13.55784 13.52145 13.46449 13.4059 13.34901 13.30004 13.22276 13.14029 13.10268 13.0648 13.05569 13.06757 13.09149 13.0972 13.06936 13.02784 12.98521 12.97305 12.9639 12.94027 12.88335 12.85719 12.84574 12.83464 12.75839 12.66748 12.5671 12.50702 12.48674 12.49067 12.51904 12.50659 12.47702 12.48519 12.53898 12.54103 12.48552 12.35006 12.24293
13.23462 13.37123 13.5031 13.61101 13.70659 13.85898 13.98522 14.05711 14.10666 14.09455 14.04463 14.01358 14.00872 14.04704 14.06602 14.04537 13.97497 13.89304 13.84624 13.80159 13.77048 13.74225 13.73668 13.72995 13.70463 13.66757 13.61861 13.57476 13.53938 13.49733 13.45464 13.40244 13.3502 13.31376 13.24928 13.20604 13.17618 13.15386 13.16053 13.16729 13.16245 13.13426 13.09774 13.05867 13.03903 13.0168 12.96211 12.91895 12.91639 12.91985 12.85133 12.76808 12.6474 12.57566 12.5375 12.55379 12.58343 12.59178 12.57428 12.56793 12.58832 12.5898 12.55962 12.45894 12.34327 12.25187
13.18875 13.31771 13.43476 13.56292 13.67685 13.76349 13.87671 13.96885 14.04795 14.07151 14.02358 13.9474 13.9231 13.95274 14.01329 14.02919 14.0074 13.94076 13.88056 13.84002 13.81189 13.7931 13.77844 13.77254 13.7507 13.70371 13.64545 13.61548 13.58663 13.54577 13.51462 13.49073 13.45359 13.39428 13.36133 13.32734 13.2749 13.24945 13.25848 13.24113 13.21697 13.19077 13.17161 13.12375 13.07703 13.03154 12.99569 12.95952 12.9721 12.95822 12.88377 12.74225 12.64262 12.60375 12.5846 12.60355 12.63055 12.65492 12.64267 12.64331 12.64879 12.61471 12.51805 12.44046 12.35434 12.29604
13.16322 13.28679 13.41115 13.51415 13.60437 13.71134 13.79768 13.87636 13.96861 14.01353 13.98671 13.93817 13.85518 13.86374 13.89876 13.95831 13.97339 13.94722 13.91853 13.87653 13.8473 13.8343 13.82302 13.81088 13.78027 13.75112 13.69779 13.65021 13.62495 13.60184 13.57631 13.548 13.53086 13.4918 13.44223 13.39647 13.36307 13.33245 13.30427 13.29134 13.26525 13.2313 13.1984 13.15864 13.09895 13.04837 13.01551 13.02057 13.017 12.98302 12.87575 12.75552 12.66965 12.62976 12.63342 12.64647 12.69232 12.72671 12.72994 12.70466 12.66863 12.58758 12.50721 12.42981 12.38058 12.34578
13.16228 13.29891 13.41265 13.49217 13.55151 13.64027 13.73249 13.80732 13.82229 13.87845 13.93039 13.90712 13.84496 13.79902 13.81887 13.83477 13.88511 13.92207 13.90798 13.87961 13.87011 13.8534 13.8444 13.83468 13.81143 13.78343 13.7464 13.70179 13.66577 13.63493 13.61984 13.60309 13.58763 13.5631 13.52645 13.4761 13.42369 13.39666 13.36706 13.34017 13.29883 13.26411 13.21738 13.16103 13.11471 13.08081 13.07036 13.05996 13.05096 12.98197 12.87438 12.77248 12.71426 12.69108 12.68174 12.72261 12.77357 12.79214 12.76791 12.72062 12.65112 12.5719 12.49776 12.46646 12.42516 12.36393
13.20764 13.33691 13.3948 13.44768 13.49678 13.57446 13.63284 13.64743 13.64923 13.70584 13.78427 13.83176 13.82736 13.74644 13.68175 13.70455 13.75893 13.76724 13.77082 13.80579 13.79568 13.77662 13.80497 13.80077 13.77165 13.74099 13.71711 13.67529 13.62426 13.61049 13.58738 13.5742 13.58267 13.58059 13.55591 13.53019 13.47866 13.43083 13.40213 13.37977 13.34182 13.28651 13.2371 13.18639 13.14107 13.11708 13.1186 13.10827 13.04541 12.97653 12.88169 12.79835 12.75384 12.74335 12.75188 12.79224 12.82364 12.84221 12.77981 12.70182 12.63026 12.57494 12.52878 12.48509 12.448 12.36998
13.1731 13.27996 13.33514 13.35079 13.40743 13.49883 13.53623 13.49127 13.48755 13.55435 13.66289 13.73333 13.75432 13.66215 13.60712 13.57669 13.60714 13.59232 13.57929 13.59246 13.60976 13.63968 13.6384 13.65942 13.66881 13.64283 13.58194 13.5327 13.53334 13.45964 13.44605 13.48619 13.49338 13.50737 13.54366 13.53529 13.5019 13.45451 13.42385 13.3971 13.37599 13.33463 13.27986 13.22272 13.19428 13.17486 13.17268 13.13895 13.07543 12.96322 12.89049 12.85682 12.81855 12.81298 12.83631 12.85701 12.89008 12.85826 12.79498 12.69785 12.64046 12.59368 12.56375 12.50957 12.44496 12.3709
13.09964 13.15343 13.19364 13.26818 13.33843 13.40997 13.43376 13.40294 13.38276 13.45308 13.56169 13.65403 13.66274 13.60918 13.50567 13.45434 13.42753 13.39656 13.3473 13.32344 13.3683 13.37677 13.40571 13.43694 13.44616 13.41889 13.37944 13.31798 13.26752 13.23388 13.25781 13.28117 13.32594 13.40189 13.43703 13.47971 13.46864 13.44847 13.41424 13.40192 13.39446 13.37781 13.34016 13.30136 13.25661 13.25185 13.22911 13.18255 13.09714 13.0159 12.94405 12.89574 12.88868 12.89521 12.90308 12.92955 12.92769 12.89151 12.79336 12.70634 12.66441 12.60863 12.54996 12.48827 12.44601 12.37211
12.89797 12.98169 13.05573 13.13308 13.22676 13.30749 13.27946 13.26736 13.30331 13.36035 13.41361 13.5008 13.58956 13.51277 13.41454 13.36113 13.32204 13.2397 13.18404 13.18535 13.16761 13.12547 13.17997 13.22581 13.20947 13.19455 13.12715 13.05444 12.98424 13.00821 13.04839 13.10827 13.15053 13.2246 13.31907 13.3873 13.39581 13.3498 13.33327 13.3424 13.33773 13.34299 13.3438 13.32099 13.30445 13.28525 13.26306 13.22177 13.15545 13.06824 13.01081 12.95855 12.94453 12.94986 12.98062 12.97504 12.93082 12.86329 12.78087 12.71409 12.65019 12.5906 12.53356 12.47975 12.42852 12.38357
12.72319 12.80929 12.91866 13.04572 13.11787 13.15004 13.15961 13.18504 13.23556 13.25563 13.30181 13.37539 13.47798 13.47511 13.38618 13.29535 13.22618 13.17009 13.11204 13.06188 13.0157 13.01222 12.98993 13.01543 13.04692 12.98849 12.86146 12.8229 12.82425 12.82846 12.8659 12.95697 13.022 13.08783 13.19062 13.27031 13.25658 13.17919 13.15847 13.15845 13.15911 13.19475 13.21265 13.23196 13.26014 13.26655 13.25537 13.23591 13.22082 13.16312 13.09629 13.04475 13.02724 13.03421 13.02686 13.00111 12.9107 12.81797 12.75132 12.68704 12.6329 12.57819 12.52212 12.47094 12.43373 12.40191
12.60635 12.69853 12.79691 12.93516 13.00631 13.02099 13.06429 13.13743 13.16912 13.15293 13.14972 13.23455 13.36205 13.41529 13.35645 13.25694 13.19034 13.10165 13.02962 12.96009 12.90796 12.84285 12.81914 12.83498 12.77312 12.69313 12.65285 12.60468 12.61825 12.66347 12.73711 12.75993 12.82522 12.9415 13.06359 13.1265 13.11629 13.04185 12.95929 12.92059 12.96568 12.99194 12.97691 13.04119 13.09789 13.14699 13.16182 13.19047 13.20965 13.20422 13.17611 13.13126 13.10288 13.09725 13.07654 13.00851 12.89112 12.81822 12.73106 12.67075 12.63405 12.58259 12.5253 12.47737 12.4561 12.44175
12.50128 12.58298 12.70848 12.79679 12.88025 12.94518 13.01136 13.06334 13.09864 13.07738 13.06821 13.11078 13.23986 13.32659 13.31318 13.26862 13.15856 13.05323 12.9936 12.9073 12.81688 12.72992 12.6983 12.64737 12.56711 12.53473 12.46806 12.47047 12.51568 12.56316 12.61422 12.66026 12.71067 12.80155 12.94224 13.04763 13.01415 12.91552 12.82859 12.80835 12.78713 12.80215 12.85275 12.85755 12.89304 12.97264 13.0403 13.08854 13.14888 13.18226 13.18053 13.15049 13.135 13.11056 13.08781 13.03801 12.93681 12.83072 12.75004 12.69399 12.64946 12.59829 12.5614 12.52112 12.50055 12.49926
12.44981 12.50134 12.60174 12.71071 12.78232 12.84729 12.9246 12.99959 13.00345 13.00813 13.02925 13.07222 13.13182 13.2179 13.27306 13.24147 13.16952 13.07022 12.97724 12.88556 12.78934 12.70301 12.63155 12.56399 12.50391 12.42663 12.37022 12.37525 12.42691 12.48483 12.51025 12.56389 12.62012 12.7265 12.81533 12.90674 12.8906 12.81879 12.72752 12.66663 12.63428 12.65247 12.6502 12.66931 12.73426 12.77174 12.85574 12.98217 13.04873 13.0613 13.05358 13.0678 13.0402 13.01643 13.04811 13.04842 12.99328 12.89748 12.79488 12.73446 12.69979 12.65143 12.60473 12.5815 12.56279 12.55416
12.40848 12.45222 12.50608 12.5891 12.66262 12.74435 12.79954 12.87317 12.92013 12.95057 12.97769 13.01796 13.08107 13.1312 13.18728 13.20845 13.18398 13.10592 13.01417 12.91073 12.81131 12.72057 12.64482 12.57964 12.5185 12.45843 12.38379 12.35084 12.35477 12.39268 12.4426 12.49329 12.54764 12.64241 12.74216 12.77408 12.77651 12.69711 12.60684 12.52664 12.48167 12.46397 12.47675 12.49677 12.55467 12.65238 12.74898 12.8669 12.93017 12.92342 12.89147 12.85817 12.84893 12.88146 12.90862 12.98298 13.00887 12.94807 12.85014 12.77473 12.73232 12.69987 12.65865 12.62469 12.61582 12.6079
12.38118 12.40606 12.45651 12.51375 12.55818 12.63515 12.71908 12.78308 12.84428 12.89406 12.9334 12.95781 13.00604 13.06518 13.11739 13.16066 13.17234 13.12218 13.06134 12.97162 12.86871 12.76566 12.72201 12.65442 12.58074 12.51168 12.41754 12.32679 12.31506 12.32018 12.34445 12.41076 12.49233 12.5621 12.63845 12.69082 12.65413 12.57159 12.50346 12.42495 12.33523 12.29332 12.33039 12.36706 12.42264 12.54224 12.67273 12.76928 12.76676 12.73281 12.67638 12.62105 12.64192 12.66863 12.75397 12.83946 12.95653 12.96396 12.88372 12.83106 12.78345 12.73493 12.7023 12.68583 12.67362 12.64529
