data/temperature.asc
ncols         476
nrows         964
xllcorner     355546.14981475
yllcorner     2135367.9162224
cellsize      50
NODATA_value  -9999
[rows 480 to 509 of 964, columns 198 to 263 of 476]
13.60304 13.80679 13.95149 13.8849 13.75541 13.71872 13.79938 13.81202 13.83389 14.01302 14.23991 14.5286 14.8373 15.078 15.19859 15.11888 15.01241 14.99535 14.95424 14.99534 15.09908 15.14919 15.19225 15.25864 15.35087 15.46751 15.61837 15.64011 15.58124 15.44876 15.38478 15.34604 15.28493 15.24865 15.18824 15.1179 14.93083 -9999 -9999 -9999 -9999 -9999 -9999 -9999 -9999 -9999 -9999 -9999 -9999 13.55269 13.41566 13.32994 13.26883 13.2391 13.23587 13.29303 13.43149 13.62809 13.80283 13.92134 13.93566 13.80179 13.64506 13.4292 13.21494 13.12316
13.54084 13.90926 14.12501 14.13879 14.08776 14.08661 14.10978 14.08372 14.06901 14.1453 14.2704 14.51797 14.81413 15.11708 15.2602 15.33868 15.23441 15.1167 15.12934 15.17136 15.2224 15.27544 15.28226 15.26624 15.33268 15.44775 15.57964 15.66155 15.62837 15.5549 15.47716 15.42084 15.35891 15.29428 15.19172 15.01144 14.6961 -9999 -9999 -9999 -9999 -9999 -9999 -9999 -9999 -9999 -9999 -9999 -9999 -9999 -9999 -9999 -9999 -9999 13.29038 13.36785 13.52162 13.71761 13.91421 13.99021 13.87044 13.67867 13.42439 13.23022 13.12032 13.03129
13.51504 13.83105 14.12994 14.34195 14.44298 14.54551 14.51774 14.47358 14.43857 14.40342 14.50273 14.66079 14.81501 15.1101 15.35741 15.47513 15.46876 15.3976 15.37585 15.37611 15.47168 15.48134 15.39214 15.34659 15.38396 15.4606 15.57732 15.71152 15.74665 15.66127 15.5761 15.47872 15.38335 15.26682 15.09888 14.83888 14.56451 -9999 -9999 -9999 -9999 -9999 -9999 -9999 -9999 -9999 -9999 -9999 -9999 -9999 -9999 -9999 -9999 -9999 13.33756 13.43798 13.5651 13.8299 14.03308 13.97746 13.84024 13.5305 13.27541 13.16587 13.09741 13.08621
13.34901 13.64837 14.0594 14.40175 14.63962 14.78991 14.86575 14.86409 14.78984 14.76439 14.85835 14.84574 14.96527 15.15579 15.31839 15.50733 15.59625 15.63486 15.60447 15.60963 15.65348 15.65842 15.55082 15.48197 15.50191 15.56409 15.68371 15.79822 15.80532 15.73809 15.59704 15.47946 15.36266 15.18877 14.94971 14.71826 -9999 -9999 -9999 -9999 -9999 -9999 -9999 -9999 -9999 -9999 -9999 -9999 -9999 -9999 -9999 -9999 -9999 -9999 13.39937 13.47933 13.68742 13.99775 14.11167 13.99213 13.72852 13.47551 13.27828 13.18849 13.19081 13.21765
13.20878 13.44239 13.84928 14.28085 14.52038 14.76347 14.94188 14.99296 15.06837 15.1125 15.07799 15.12028 15.16401 15.2052 15.33547 15.49469 15.64418 15.73589 15.74665 15.75934 15.75823 15.77198 15.75258 15.69456 15.72932 15.79746 15.8844 15.87364 15.81822 15.66935 15.557 15.39095 15.22674 15.05732 14.77582 -9999 -9999 -9999 -9999 -9999 -9999 -9999 -9999 -9999 -9999 -9999 -9999 -9999 -9999 -9999 -9999 -9999 -9999 -9999 13.44654 13.59984 13.82778 14.09265 14.20324 14.02924 13.76643 13.49044 13.33488 13.32953 13.35447 13.43905
13.03942 13.29443 13.52811 13.88294 14.17198 14.48048 14.73951 14.98043 15.17812 15.26018 15.35723 15.37581 15.34967 15.4121 15.46406 15.54926 15.69471 15.83441 15.88561 15.85253 15.87627 15.91272 15.8917 15.89749 15.94849 15.96458 15.95127 15.86316 15.71182 15.56365 15.38803 15.23255 15.12392 14.87608 14.57611 -9999 -9999 -9999 -9999 -9999 -9999 -9999 -9999 -9999 -9999 -9999 -9999 -9999 -9999 -9999 -9999 -9999 -9999 -9999 13.52034 13.70396 13.91412 14.25967 14.32675 14.08005 13.81804 13.57207 13.4528 13.44199 13.58335 13.71528
12.89137 13.09407 13.36783 13.5828 13.81278 14.16549 14.57504 14.7804 15.04018 15.25227 15.39815 15.44509 15.48997 15.53667 15.58375 15.66166 15.78073 15.88587 15.92186 15.95317 15.95942 15.97491 16.01371 16.03175 16.01727 16.02304 15.95636 15.80743 15.66206 15.48221 15.31417 15.19251 15.04046 14.86717 14.62507 -9999 -9999 -9999 -9999 -9999 -9999 -9999 -9999 -9999 -9999 -9999 -9999 -9999 -9999 -9999 -9999 -9999 -9999 -9999 13.61943 13.76135 14.08232 14.44565 14.46476 14.2148 13.92815 13.69874 13.68115 13.73483 13.89999 13.9662
12.85395 13.01068 13.23359 13.45296 13.6713 13.92867 14.33137 14.64393 14.86487 15.05905 15.23685 15.34273 15.39143 15.48915 15.57811 15.69283 15.76406 15.84558 15.91408 15.97843 16.02128 16.0587 16.09717 16.0964 16.06051 16.0027 15.92153 15.81059 15.66676 15.5097 15.40015 15.28912 15.17283 14.99135 -9999 -9999 -9999 -9999 -9999 -9999 -9999 -9999 -9999 -9999 -9999 -9999 -9999 -9999 -9999 -9999 -9999 -9999 -9999 -9999 -9999 13.89559 14.21226 14.53884 14.59601 14.35416 14.19124 14.04966 14.04387 14.11464 14.1533 14.21238
12.8656 12.98515 13.13177 13.27033 13.43533 13.72442 14.00021 14.32275 14.62238 14.80073 14.86981 14.94251 15.10333 15.21681 15.32586 15.50123 15.61932 15.66597 15.78013 15.92349 16.04324 16.09994 16.13882 16.11464 16.02894 15.96855 15.87859 15.78519 15.72858 15.65345 15.56852 15.46591 15.38261 15.19418 -9999 -9999 -9999 -9999 -9999 -9999 -9999 -9999 -9999 -9999 -9999 -9999 -9999 -9999 -9999 -9999 -9999 -9999 -9999 -9999 -9999 13.94326 14.25178 14.61399 14.72507 14.54211 14.39482 14.40431 14.36248 14.4091 14.39031 14.30931
12.93296 12.97143 13.06137 13.1629 13.2375 13.46888 13.82121 14.06964 14.34664 14.5093 14.59879 14.62765 14.74626 14.93756 15.13248 15.24261 15.39328 15.5471 15.65817 15.81735 15.9887 16.09498 16.15437 16.11834 16.02189 15.91227 15.82314 15.77237 15.74306 15.72711 15.71099 15.61944 15.50283 15.39211 -9999 -9999 -9999 -9999 -9999 -9999 -9999 -9999 -9999 -9999 -9999 -9999 -9999 -9999 -9999 -9999 -9999 -9999 -9999 -9999 -9999 13.96249 14.27446 14.69566 14.82304 14.76654 14.69065 14.63538 14.64488 14.54967 14.42182 14.15928
12.99638 12.99704 12.99754 13.03602 13.12541 13.29975 13.54183 13.81717 14.07285 14.18613 14.27557 14.38325 14.54945 14.70285 14.89172 15.10018 15.21651 15.37661 15.54273 15.73753 15.89447 16.05687 16.15277 16.12512 16.03046 15.91055 15.81418 15.76387 15.75561 15.76731 15.76765 15.7342 15.64605 15.5115 -9999 -9999 -9999 -9999 -9999 -9999 -9999 -9999 -9999 -9999 -9999 -9999 -9999 -9999 -9999 -9999 -9999 -9999 -9999 -9999 -9999 14.04958 14.34954 14.66703 14.91229 14.89288 14.8448 14.7926 14.67367 14.50944 14.26254 13.92417
13.09101 13.0263 12.98328 12.98117 13.03309 13.16939 13.3757 13.52965 13.76246 13.96092 14.10359 14.27162 14.49125 14.70479 14.87475 15.05602 15.2225 15.33848 15.44033 15.63884 15.87518 16.01125 16.13463 16.14337 16.04169 15.97395 15.86911 15.80715 15.78838 15.79257 15.79978 15.76841 15.71746 -9999 -9999 -9999 -9999 -9999 -9999 -9999 -9999 -9999 -9999 -9999 -9999 -9999 -9999 -9999 -9999 -9999 -9999 -9999 -9999 -9999 -9999 14.17502 14.45562 14.78967 14.96813 14.9936 14.90528 14.77084 14.61791 14.30635 14.00704 13.78284
13.15755 13.08925 12.9932 12.97877 13.00633 13.11037 13.2784 13.4345 13.61985 13.86671 14.10212 14.33412 14.54566 14.74476 14.93362 15.17429 15.33868 15.38694 15.47592 15.62357 15.79893 16.01497 16.13335 16.15866 16.10253 16.02196 15.96005 15.89731 15.85034 15.83085 15.82974 15.81333 15.77314 -9999 -9999 -9999 -9999 -9999 -9999 -9999 -9999 -9999 -9999 -9999 -9999 -9999 -9999 -9999 -9999 -9999 -9999 -9999 -9999 -9999 -9999 14.48021 14.72485 14.90014 15.05421 14.98906 14.82133 14.64529 14.34919 14.03311 13.85962 13.54818
13.2892 13.15766 13.05458 13.0056 13.05251 13.15671 13.27474 13.4649 13.66861 13.87027 14.13832 14.38134 14.60054 14.76979 15.00605 15.24832 15.42421 15.52238 15.58035 15.65859 15.79167 15.94959 16.08442 16.16947 16.14566 16.08908 16.02 15.96375 15.91909 15.87506 15.85499 15.84447 -9999 -9999 -9999 -9999 -9999 -9999 -9999 -9999 -9999 -9999 -9999 -9999 -9999 -9999 -9999 -9999 -9999 -9999 -9999 -9999 -9999 -9999 -9999 14.85684 14.92168 15.05761 15.05824 14.89913 14.69821 14.3586 14.02472 13.85222 13.62925 13.4246
13.42262 13.28503 13.1006 13.07983 13.12429 13.26017 13.43884 13.6406 13.76206 13.96461 14.15762 14.26706 14.46432 14.70363 14.93253 15.0973 15.36575 15.56004 15.64836 15.72627 15.81502 15.93586 16.04589 16.15565 16.1709 16.13104 16.08118 16.02089 15.95376 15.9177 15.89353 15.87836 -9999 -9999 -9999 -9999 -9999 -9999 -9999 -9999 -9999 -9999 -9999 -9999 -9999 -9999 -9999 -9999 -9999 -9999 -9999 -9999 -9999 -9999 -9999 15.1904 15.19987 15.1221 15.0024 14.67723 14.32455 13.92256 13.72953 13.51688 13.43159 13.39336
13.49372 13.35128 13.16702 13.1344 13.24016 13.4262 13.59974 13.79602 13.99706 14.15293 14.18259 14.25972 14.35324 14.50435 14.70427 14.92527 15.12064 15.4077 15.60735 15.72799 15.81157 15.93788 16.04151 16.11899 16.18365 16.18864 16.1341 16.09358 16.02538 15.97216 15.94015 15.94637 -9999 -9999 -9999 -9999 -9999 -9999 -9999 -9999 -9999 -9999 -9999 -9999 -9999 -9999 -9999 -9999 -9999 -9999 -9999 -9999 -9999 -9999 -9999 15.36319 15.2232 15.01808 14.6495 14.22881 13.93896 13.63745 13.40488 13.34685 13.37297 13.43744
13.61307 13.41596 13.2555 13.2697 13.43091 13.59951 13.81128 14.0573 14.29083 14.38444 14.47244 14.44622 14.42947 14.52742 14.6984 14.79703 15.02394 15.26237 15.46196 15.62931 15.79103 15.91366 16.00071 16.10687 16.19118 16.22554 16.21046 16.14599 16.09239 16.05599 16.03672 -9999 -9999 -9999 -9999 -9999 -9999 -9999 -9999 -9999 -9999 -9999 -9999 -9999 -9999 -9999 -9999 -9999 -9999 -9999 -9999 -9999 -9999 -9999 -9999 -9999 15.08319 14.6941 14.30409 14.01845 13.72389 13.46615 13.36088 13.37029 13.48166 13.64559
13.70671 13.56572 13.3868 13.41762 13.54326 13.78326 14.03055 14.24092 14.43067 14.6667 14.74495 14.70019 14.70109 14.75827 14.81767 14.93953 15.09173 15.26896 15.44981 15.61983 15.78592 15.92158 16.03196 16.14337 16.21708 16.27733 16.2741 16.21203 16.14941 16.12292 16.12743 -9999 -9999 -9999 -9999 -9999 -9999 -9999 -9999 -9999 -9999 -9999 -9999 -9999 -9999 -9999 -9999 -9999 -9999 -9999 -9999 -9999 -9999 -9999 -9999 -9999 14.84347 14.48906 14.18911 13.9017 13.72155 13.52985 13.49831 13.61607 13.76699 13.86487
13.84549 13.66411 13.58622 13.56 13.70606 13.97535 14.15195 14.43978 14.67303 14.90659 14.99998 15.02419 15.00426 15.0226 15.11185 15.20204 15.27473 15.45547 15.62652 15.79349 15.87198 16.01913 16.14915 16.21814 16.32226 16.36895 16.33788 16.27487 16.22906 16.21103 16.17779 -9999 -9999 -9999 -9999 -9999 -9999 -9999 -9999 -9999 -9999 -9999 -9999 -9999 -9999 -9999 -9999 -9999 -9999 -9999 -9999 -9999 -9999 -9999 -9999 -9999 14.74669 14.59067 14.32074 14.05533 13.87005 13.74561 13.72918 13.84194 13.98124 14.14866
14.08968 13.94513 13.79383 13.82131 13.88447 13.99615 14.26653 14.50969 14.75292 14.96329 15.1469 15.22898 15.25678 15.28708 15.3683 15.4016 15.50115 15.66384 15.8051 15.95935 16.09079 16.19312 16.26121 16.36113 16.4182 16.43103 16.41865 16.34281 16.28584 16.26726 -9999 -9999 -9999 -9999 -9999 -9999 -9999 -9999 -9999 -9999 -9999 -9999 -9999 -9999 -9999 -9999 -9999 -9999 -9999 -9999 -9999 -9999 -9999 -9999 -9999 -9999 14.88364 14.7547 14.63252 14.40824 14.16877 13.95307 13.94117 14.09855 14.27832 14.43337
14.28591 14.24164 14.17082 14.13219 14.06889 14.08458 14.25155 14.46962 14.64888 14.83438 15.06498 15.23011 15.38298 15.46155 15.51108 15.56997 15.65456 15.73131 15.89307 16.09128 16.22676 16.27951 16.33739 16.39931 16.458 16.50035 16.49507 16.45514 16.37707 16.30931 -9999 -9999 -9999 -9999 -9999 -9999 -9999 -9999 -9999 -9999 -9999 -9999 -9999 -9999 -9999 -9999 -9999 -9999 -9999 -9999 -9999 -9999 -9999 -9999 -9999 -9999 15.13005 15.03274 14.86576 14.62085 14.37629 14.13176 14.12601 14.36687 14.53005 14.67074
14.67748 14.6624 14.62806 14.56921 14.41587 14.28427 14.31837 14.48993 14.57564 14.66729 14.77661 15.02825 15.28902 15.45712 15.55781 15.65241 15.7278 15.82254 15.9392 16.10032 16.21887 16.24328 16.24733 16.31604 16.41738 16.50198 16.55668 16.53053 16.4655 -9999 -9999 -9999 -9999 -9999 -9999 -9999 -9999 -9999 -9999 -9999 -9999 -9999 -9999 -9999 -9999 -9999 -9999 -9999 -9999 -9999 -9999 -9999 -9999 -9999 -9999 -9999 -9999 15.19352 15.03368 14.70735 14.38411 14.25213 14.3242 14.52727 14.75795 14.94201
14.9758 15.05326 15.04799 14.91994 14.80723 14.59708 14.64811 14.74525 14.74599 14.65283 14.65417 14.75942 14.98677 15.21658 15.45139 15.53996 15.69175 15.81391 15.90579 15.98503 16.07771 16.10715 16.11758 16.18073 16.34154 16.48008 16.58332 16.59422 16.48303 -9999 -9999 -9999 -9999 -9999 -9999 -9999 -9999 -9999 -9999 -9999 -9999 -9999 -9999 -9999 -9999 -9999 -9999 -9999 -9999 -9999 -9999 -9999 -9999 -9999 -9999 -9999 -9999 15.3431 15.07149 14.82286 14.47086 14.38612 14.51054 14.8134 15.04836 15.11785
15.11193 15.28103 15.3381 15.17919 14.97011 14.87214 14.97123 15.02384 14.96938 14.84368 14.69727 14.70121 14.88334 15.03951 15.19745 15.35732 15.49241 15.64231 15.73977 15.83445 15.91139 16.0128 16.07211 16.17098 16.27493 16.48079 16.60572 16.60884 16.48211 -9999 -9999 -9999 -9999 -9999 -9999 -9999 -9999 -9999 -9999 -9999 -9999 -9999 -9999 -9999 -9999 -9999 -9999 -9999 -9999 -9999 -9999 -9999 -9999 -9999 -9999 -9999 -9999 15.45792 15.1746 14.82103 14.61421 14.57442 14.76435 15.06318 15.19149 15.27666
15.20314 15.44792 15.47724 15.39713 15.21147 15.12589 15.1816 15.3212 15.28365 15.06833 14.90897 14.93782 15.00641 15.14233 15.22728 15.26523 15.34975 15.46744 15.57267 15.69395 15.86914 16.0359 16.14315 16.24123 16.38373 16.54527 16.614 16.58446 16.41962 -9999 -9999 -9999 -9999 -9999 -9999 -9999 -9999 -9999 -9999 -9999 -9999 -9999 -9999 -9999 -9999 -9999 -9999 -9999 -9999 -9999 -9999 -9999 -9999 -9999 -9999 -9999 -9999 15.4537 15.2024 14.95414 14.77966 14.80727 15.001 15.15851 15.32066 15.35823
15.31395 15.48873 15.62442 15.54285 15.3989 15.35083 15.43372 15.49275 15.44333 15.26575 15.09654 15.1005 15.27416 15.4326 15.43188 15.38272 15.38534 15.42162 15.53279 15.66509 15.86179 16.04026 16.21083 16.35741 16.50315 16.60546 16.64318 16.52472 16.38213 -9999 -9999 -9999 -9999 -9999 -9999 -9999 -9999 -9999 -9999 -9999 -9999 -9999 -9999 -9999 -9999 -9999 -9999 -9999 -9999 -9999 -9999 -9999 -9999 -9999 -9999 -9999 -9999 15.49645 15.25709 15.12631 15.10059 15.14405 15.19287 15.35497 15.45285 15.42481
15.32004 15.58105 15.72102 15.70843 15.61846 15.62274 15.70884 15.67703 15.57076 15.3717 15.26233 15.32796 15.52416 15.66052 15.72683 15.67222 15.57335 15.52659 15.56615 15.69872 15.85051 16.04355 16.24187 16.43883 16.59021 16.69139 16.61988 16.46372 16.28171 16.16449 -9999 -9999 -9999 -9999 -9999 -9999 -9999 -9999 -9999 -9999 -9999 -9999 -9999 -9999 -9999 -9999 -9999 -9999 -9999 -9999 -9999 -9999 -9999 -9999 -9999 -9999 -9999 15.59416 15.41167 15.331 15.31578 15.37647 15.4558 15.51471 15.52394 15.42869
15.46612 15.67168 15.82252 15.87848 15.8857 15.87103 15.85998 15.80643 15.64729 15.47242 15.37599 15.49506 15.59961 15.79986 15.91815 15.91916 15.80728 15.68026 15.67163 15.71642 15.90041 16.12254 16.24746 16.48892 16.67842 16.69658 16.62626 16.40054 16.20557 16.13117 -9999 -9999 -9999 -9999 -9999 -9999 -9999 -9999 -9999 -9999 -9999 -9999 -9999 -9999 -9999 -9999 -9999 -9999 -9999 -9999 -9999 -9999 -9999 -9999 -9999 -9999 -9999 15.72058 15.62897 15.58635 15.60548 15.65152 15.68254 15.62247 15.52332 15.35221
15.60539 15.70387 15.86744 15.98504 16.00171 16.01607 15.96015 15.82338 15.67434 15.53522 15.52056 15.59156 15.70568 15.84559 15.97829 16.03454 15.99104 15.86012 15.75648 15.81864 16.00404 16.18386 16.38071 16.58463 16.71004 16.73074 16.5854 16.37741 16.21639 16.10847 -9999 -9999 -9999 -9999 -9999 -9999 -9999 -9999 -9999 -9999 -9999 -9999 -9999 -9999 -9999 -9999 -9999 -9999 -9999 -9999 -9999 -9999 -9999 -9999 -9999 -9999 -9999 -9999 15.84334 15.83882 15.87273 15.83476 15.74978 15.60851 15.46977 15.34393
15.71503 15.77671 15.90266 16.00421 16.12608 16.11698 16.01984 15.88722 15.73612 15.61489 15.63346 15.7764 15.84502 15.88526 16.03546 16.16102 16.13735 16.03621 15.97422 16.00922 16.13091 16.35224 16.54595 16.6743 16.76719 16.74262 16.59094 16.38935 16.21687 16.12715 16.09294 -9999 -9999 -9999 -9999 -9999 -9999 -9999 -9999 -9999 -9999 -9999 -9999 -9999 -9999 -9999 -9999 -9999 -9999 -9999 -9999 -9999 -9999 -9999 -9999 -9999 -9999 -9999 -9999 16.02329 15.95888 15.88868 15.7485 15.56205 15.44939 15.36288
