data/temperature.asc
ncols         476
nrows         964
xllcorner     355546.14981475
yllcorner     2135367.9162224
cellsize      50
NODATA_value  -9999
[rows 150 to 179 of 964, columns 132 to 197 of 476]
13.00354 12.8776 12.72333 12.60393 12.43026 12.30786 12.22059 12.17591 12.14186 12.09446 11.99678 11.88524 11.72543 11.56502 11.49772 11.47518 11.44673 11.35086 11.28714 11.15432 11.02381 10.9533 10.93189 10.96215 10.99605 11.0266 11.04536 10.98224 10.91898 10.92036 10.85085 10.80311 10.73711 10.67828 10.58166 10.47859 10.40019 10.35795 10.30657 10.28196 10.27996 10.28356 10.27509 10.2555 10.24358 10.21285 10.18019 10.16671 10.138 10.11986 10.10703 10.09969 10.13042 10.19924 10.24751 10.22348 10.20219 10.21483 10.21264 10.24059 10.31124 10.3794 10.42727 10.46843 10.50736 10.51666
12.86401 12.76743 12.66221 12.49754 12.37605 12.33249 12.33341 12.34062 12.35748 12.29232 12.16448 11.97633 11.8737 11.71327 11.65699 11.63461 11.61354 11.52319 11.37621 11.249 11.07983 10.93733 10.9079 10.93865 11.0249 11.10193 11.12383 11.14228 11.11783 11.05162 11.03609 10.95415 10.84067 10.73071 10.61103 10.48633 10.39921 10.32853 10.27543 10.25156 10.23712 10.22552 10.21014 10.19693 10.17122 10.1369 10.12387 10.10293 10.08527 10.0795 10.07401 10.0717 10.09315 10.13044 10.15243 10.13762 10.12379 10.11046 10.12842 10.18542 10.24552 10.33144 10.37973 10.40598 10.41425 10.42632
12.82412 12.75313 12.65685 12.5333 12.44091 12.44484 12.52454 12.53768 12.48564 12.40782 12.25576 12.07711 11.94308 11.90088 11.86225 11.83872 11.77563 11.69828 11.52195 11.3457 11.12944 11.00804 10.92479 10.97033 11.06438 11.19823 11.2791 11.30188 11.28299 11.26186 11.17101 11.03665 10.89524 10.74139 10.58494 10.48203 10.38497 10.31332 10.26228 10.22567 10.20041 10.18542 10.16167 10.12087 10.08764 10.07254 10.04464 10.01532 10.02264 10.02596 10.0284 10.03921 10.0557 10.08678 10.08902 10.08971 10.07283 10.0735 10.08984 10.14242 10.22115 10.28157 10.32228 10.3475 10.36828 10.37746
12.92046 12.88639 12.78697 12.65877 12.64556 12.69132 12.71535 12.72704 12.65633 12.49512 12.30635 12.1637 12.11664 12.0672 12.06913 12.04902 11.93992 11.78046 11.6083 11.46621 11.27908 11.10586 11.06372 11.07591 11.21222 11.36101 11.43776 11.45514 11.43956 11.36332 11.27134 11.0697 10.85795 10.7254 10.57415 10.44847 10.36411 10.32147 10.25556 10.21142 10.19173 10.17162 10.1336 10.08539 10.05241 10.00836 9.972973 9.971843 9.961991 9.979932 10.00658 10.02049 10.03297 10.04788 10.06371 10.05708 10.05132 10.06252 10.09275 10.13592 10.18332 10.24808 10.28553 10.29469 10.31689 10.33069
13.09779 13.05022 12.96972 12.83433 12.83488 12.86697 12.92152 12.8693 12.70813 12.58363 12.38276 12.28469 12.24447 12.28162 12.25059 12.13952 12.04126 11.85921 11.67579 11.52935 11.41463 11.2826 11.19845 11.26415 11.39779 11.49354 11.55727 11.5912 11.55275 11.43849 11.27547 11.08436 10.90236 10.72021 10.55603 10.47026 10.39472 10.33013 10.27155 10.23435 10.21245 10.18942 10.15832 10.09062 10.03106 9.972939 9.944889 9.928354 9.940145 9.957901 9.992109 10.014 10.02069 10.02429 10.02534 10.02967 10.03899 10.05235 10.08437 10.12641 10.16978 10.20741 10.23507 10.26017 10.27161 10.28741
13.28979 13.19078 13.09471 13.09713 13.06742 13.10196 13.08859 12.98263 12.79462 12.61689 12.52101 12.46759 12.48201 12.46968 12.40678 12.2589 12.08551 11.91382 11.77368 11.65829 11.542 11.45622 11.43574 11.48403 11.54756 11.68406 11.7408 11.70431 11.62102 11.49306 11.31703 11.12332 10.92385 10.7802 10.63283 10.54209 10.48912 10.43171 10.34641 10.30319 10.30553 10.27 10.21348 10.12758 10.06479 10.00224 9.96967 9.976528 9.98494 10.01073 10.03031 10.03281 10.01915 9.997292 9.999164 10.00365 10.01752 10.04503 10.07132 10.11443 10.16075 10.19371 10.21211 10.23243 10.25223 10.2689
13.5058 13.43166 13.34562 13.29437 13.34363 13.32216 13.18587 12.98891 12.83889 12.71793 12.65854 12.67954 12.71762 12.6245 12.46818 12.29162 12.16203 11.97546 11.84288 11.77907 11.70643 11.63242 11.62891 11.65368 11.7282 11.82602 11.8376 11.80259 11.67107 11.49666 11.36582 11.16141 10.95888 10.8259 10.74739 10.67913 10.59525 10.52874 10.48182 10.44145 10.39006 10.37543 10.31006 10.19103 10.09826 10.06864 10.05564 10.05149 10.0845 10.11656 10.09091 10.06916 10.02401 9.976803 9.959013 9.96706 9.980782 10.01257 10.05244 10.10783 10.1457 10.18667 10.20942 10.22333 10.24 10.2594
13.71015 13.587 13.55045 13.54016 13.52191 13.43445 13.27177 13.0358 12.88151 12.83851 12.85429 12.85288 12.80648 12.69483 12.50309 12.33373 12.18206 12.07837 11.95988 11.89479 11.83894 11.8069 11.76533 11.81412 11.91872 11.95736 11.95119 11.84552 11.73019 11.5441 11.36932 11.17548 11.05637 10.93425 10.87784 10.82944 10.77863 10.70502 10.63371 10.62589 10.58039 10.50795 10.39523 10.29416 10.20905 10.16327 10.17296 10.21598 10.24617 10.22389 10.21621 10.1478 10.05372 9.968018 9.923012 9.920192 9.94766 9.981631 10.02316 10.08375 10.14838 10.18854 10.21022 10.22985 10.25018 10.27608
13.93003 13.80496 13.74478 13.7232 13.68604 13.5665 13.3461 13.17037 13.05906 13.03803 13.00769 12.99565 12.89335 12.70518 12.54721 12.40839 12.30643 12.18657 12.13039 12.08893 12.01575 11.95398 11.98929 12.03235 12.05763 12.08076 12.03501 11.91403 11.72961 11.54957 11.40979 11.25809 11.14143 11.12004 11.05915 11.01433 10.9448 10.89178 10.83903 10.79516 10.71865 10.62345 10.48387 10.374 10.31653 10.29799 10.31659 10.34628 10.36886 10.36405 10.28738 10.21672 10.11786 10.00438 9.925457 9.90514 9.91787 9.961852 10.0128 10.07441 10.1529 10.19823 10.22841 10.2573 10.27798 10.30076
14.08586 14.00265 13.93471 13.87972 13.79366 13.71382 13.53264 13.36329 13.28434 13.2391 13.1579 13.02074 12.90644 12.77311 12.60683 12.48212 12.42894 12.34344 12.26581 12.20347 12.17748 12.13978 12.13991 12.1544 12.19834 12.17365 12.06926 11.94508 11.76129 11.59133 11.44462 11.36236 11.30218 11.23325 11.2283 11.19131 11.09319 11.0308 11.00708 10.9198 10.79138 10.65274 10.56501 10.48318 10.4584 10.47583 10.47557 10.50367 10.51605 10.47829 10.38859 10.2966 10.18979 10.09993 9.979725 9.915837 9.918823 9.956568 10.01614 10.09809 10.15587 10.23132 10.27783 10.3033 10.34919 10.3817
14.24726 14.12597 14.08285 14.03992 13.91791 13.79153 13.67577 13.5787 13.45667 13.35553 13.22772 13.06876 12.93475 12.81847 12.75508 12.63597 12.55261 12.49252 12.41899 12.36132 12.32512 12.3163 12.29157 12.29692 12.2897 12.24933 12.12437 11.9721 11.82287 11.68781 11.57902 11.48901 11.46214 11.43946 11.39631 11.31997 11.28091 11.22249 11.12984 11.01166 10.86568 10.74748 10.65787 10.65227 10.66526 10.62627 10.6403 10.68762 10.64761 10.56986 10.46307 10.40954 10.30707 10.1734 10.03775 9.962937 9.937996 9.993285 10.04955 10.1181 10.20978 10.29262 10.33476 10.39515 10.42289 10.44466
14.3857 14.30762 14.25057 14.15644 14.08325 13.95632 13.83323 13.71586 13.6298 13.48796 13.30846 13.15704 13.06973 12.98055 12.87567 12.78956 12.70515 12.60892 12.54859 12.52254 12.46528 12.43202 12.42664 12.41376 12.37298 12.29455 12.18488 12.07378 11.9222 11.79712 11.74113 11.67009 11.62945 11.58354 11.51952 11.4482 11.37869 11.32417 11.23428 11.07318 10.92027 10.85742 10.82215 10.82195 10.79688 10.79992 10.80019 10.77808 10.75951 10.67959 10.57303 10.48288 10.40622 10.2603 10.09739 9.990977 9.980985 10.02462 10.08694 10.16978 10.26098 10.3318 10.4042 10.46642 10.48472 10.50127
14.47634 14.40047 14.35639 14.27494 14.13744 14.0445 13.94255 13.82079 13.67219 13.57053 13.40773 13.27692 13.17572 13.13688 13.01224 12.88399 12.79427 12.73987 12.67579 12.60018 12.57729 12.5483 12.51315 12.47759 12.44397 12.36181 12.25138 12.14256 12.0355 11.91187 11.83339 11.79186 11.74809 11.68235 11.62178 11.57198 11.48713 11.40293 11.27859 11.17738 11.05016 10.99434 11.00284 10.99365 10.9796 10.95019 10.93888 10.91955 10.86454 10.76306 10.66453 10.56766 10.43896 10.31965 10.1681 10.06149 10.02584 10.07908 10.14995 10.2279 10.30048 10.39413 10.46505 10.50144 10.5279 10.54466
14.46834 14.4026 14.3383 14.25768 14.14758 13.99672 13.9119 13.83415 13.71863 13.55884 13.39723 13.31009 13.2379 13.17549 13.11389 13.00507 12.9259 12.85302 12.80599 12.73698 12.6814 12.62737 12.59141 12.53609 12.46585 12.40872 12.33143 12.23881 12.11441 12.03215 11.94719 11.87492 11.82615 11.78195 11.72018 11.63238 11.53768 11.43787 11.33437 11.22378 11.1687 11.14234 11.12265 11.12178 11.12813 11.07185 11.03026 10.96631 10.89529 10.75203 10.61371 10.52689 10.42755 10.30997 10.19353 10.13547 10.101 10.14308 10.20354 10.2632 10.34771 10.43137 10.47516 10.52212 10.54989 10.56238
14.35148 14.23299 14.15522 14.10782 13.94672 13.75943 13.72266 13.68705 13.57427 13.41419 13.27874 13.14396 13.08718 13.10753 13.09314 13.0426 12.99297 12.93184 12.85743 12.79887 12.74942 12.67492 12.57979 12.51921 12.43617 12.37308 12.32992 12.28949 12.19162 12.07801 12.01858 11.94853 11.88133 11.81061 11.7552 11.65724 11.52737 11.43641 11.36152 11.30371 11.24977 11.24357 11.24997 11.22968 11.18467 11.14016 11.05864 10.96164 10.82531 10.65397 10.54207 10.4468 10.3711 10.33088 10.26635 10.22036 10.20829 10.20531 10.25815 10.31589 10.3722 10.42825 10.47826 10.52431 10.54985 10.57815
14.12281 14.02668 13.98629 13.86682 13.69936 13.59098 13.46599 13.42977 13.38154 13.29462 13.11572 12.96573 12.95569 12.97247 12.98407 12.97877 12.94164 12.88038 12.81627 12.75927 12.70334 12.61658 12.53426 12.42128 12.31932 12.2803 12.2682 12.25566 12.21279 12.14443 12.06649 11.98664 11.92723 11.82945 11.7404 11.63605 11.55686 11.47614 11.42997 11.39898 11.39429 11.37935 11.34244 11.30611 11.22641 11.13837 11.04555 10.90566 10.73875 10.59121 10.46086 10.41503 10.40597 10.38807 10.37736 10.35584 10.29909 10.28377 10.31142 10.33717 10.38169 10.42289 10.45338 10.49555 10.54004 10.56664
13.89947 13.82604 13.74515 13.63721 13.53661 13.36758 13.26476 13.23535 13.17664 13.10129 12.96443 12.87204 12.76844 12.77296 12.82973 12.77481 12.74429 12.73682 12.68482 12.59323 12.5289 12.49325 12.37185 12.26032 12.21304 12.16717 12.13758 12.15541 12.15849 12.13287 12.08532 12.02928 11.93457 11.83776 11.76806 11.68677 11.61181 11.58597 11.54933 11.52585 11.4913 11.45772 11.39297 11.29997 11.20649 11.12375 10.99397 10.83486 10.72561 10.55418 10.4574 10.44569 10.46285 10.47947 10.46455 10.42946 10.39436 10.3569 10.34118 10.36149 10.39495 10.42218 10.44925 10.48971 10.53598 10.55597
13.71437 13.61641 13.53599 13.49092 13.3823 13.26298 13.20123 13.12541 13.05385 12.98828 12.90157 12.7773 12.68055 12.65044 12.61526 12.59576 12.5946 12.56863 12.52848 12.44816 12.39416 12.31395 12.20788 12.15618 12.0853 12.05375 12.04785 12.0458 12.03977 12.04788 12.05462 12.02544 11.96247 11.88451 11.81065 11.76787 11.71289 11.65361 11.62855 11.56927 11.51091 11.44258 11.35488 11.27816 11.14982 11.03838 10.92458 10.80817 10.66915 10.54144 10.50284 10.50871 10.53651 10.54938 10.53548 10.49472 10.44533 10.42195 10.40457 10.40939 10.42392 10.46126 10.49056 10.52669 10.55903 10.56505
13.58697 13.48774 13.43967 13.3484 13.28389 13.23511 13.16561 13.09259 13.01622 12.92239 12.82675 12.75425 12.68882 12.61442 12.52439 12.45918 12.41018 12.39328 12.35877 12.29996 12.22823 12.13019 12.07024 12.00043 11.96422 11.95881 11.91995 11.88899 11.89672 11.89748 11.92266 11.93508 11.94545 11.90376 11.86255 11.81708 11.76976 11.69246 11.60766 11.53417 11.43183 11.34847 11.28289 11.17012 11.04643 10.96208 10.84414 10.7102 10.60386 10.55285 10.54748 10.59445 10.60752 10.61855 10.57603 10.53523 10.49492 10.48002 10.48184 10.48139 10.50707 10.54324 10.56667 10.61074 10.63199 10.59127
13.57647 13.51095 13.39286 13.27934 13.22563 13.17374 13.11616 13.05324 12.95235 12.84948 12.78043 12.74818 12.71472 12.65102 12.54571 12.41965 12.33263 12.28066 12.22009 12.13654 12.06931 12.01467 11.93345 11.87893 11.87739 11.86412 11.81414 11.77437 11.73804 11.74256 11.74472 11.77337 11.78863 11.79673 11.79125 11.77708 11.71579 11.64638 11.56561 11.4427 11.32896 11.27288 11.16944 11.06347 10.98857 10.8876 10.76013 10.62864 10.56791 10.56367 10.61789 10.64951 10.68647 10.67826 10.61754 10.56552 10.57529 10.59144 10.56767 10.57678 10.62367 10.62965 10.66511 10.7064 10.69864 10.63747
13.78326 13.64232 13.5022 13.3435 13.21371 13.13382 13.08883 12.99295 12.88707 12.81774 12.75702 12.73043 12.70858 12.67169 12.57352 12.44092 12.33643 12.23106 12.10475 12.02452 11.96038 11.9119 11.88049 11.8636 11.85536 11.84907 11.8024 11.73526 11.68443 11.66246 11.66993 11.65377 11.63551 11.65813 11.65933 11.61342 11.59746 11.53444 11.44584 11.33217 11.25478 11.1694 11.07723 11.02074 10.93244 10.84596 10.73342 10.6403 10.5907 10.63188 10.68466 10.76526 10.77048 10.71576 10.66658 10.66089 10.69774 10.71639 10.73636 10.74025 10.73587 10.7791 10.80312 10.78886 10.74828 10.68055
13.95282 13.81004 13.62304 13.4186 13.28701 13.16173 13.06649 12.96352 12.87945 12.80198 12.74848 12.73335 12.70225 12.64583 12.54411 12.46339 12.32492 12.18054 12.07176 11.9498 11.90384 11.90017 11.91396 11.93047 11.93177 11.89905 11.87224 11.8122 11.74258 11.71696 11.7004 11.64875 11.5962 11.55582 11.50759 11.47683 11.43227 11.37943 11.33764 11.26919 11.19196 11.15203 11.09854 11.04206 10.99288 10.9336 10.82443 10.71152 10.68466 10.70747 10.80667 10.85787 10.84536 10.76842 10.72906 10.75022 10.81265 10.85737 10.85384 10.85394 10.87527 10.88879 10.87446 10.84346 10.76874 10.68277
14.00073 13.88792 13.73783 13.53787 13.34428 13.22661 13.11269 13.00185 12.88714 12.81705 12.77531 12.74417 12.68171 12.60166 12.50886 12.38667 12.26648 12.17403 12.03042 11.95561 11.94138 11.96817 12.00609 12.0334 12.02526 11.99108 11.94451 11.90668 11.85973 11.82347 11.77404 11.74276 11.6653 11.57284 11.49757 11.41245 11.35699 11.33678 11.29293 11.25462 11.21322 11.18644 11.1848 11.15363 11.07706 11.0164 10.92123 10.80488 10.73402 10.78256 10.88664 10.92112 10.88808 10.83356 10.79433 10.8489 10.95245 10.9948 10.98562 10.985 10.99994 10.97288 10.92618 10.83614 10.76814 10.67905
13.94125 13.80813 13.71444 13.55403 13.36078 13.21028 13.13281 13.0279 12.91885 12.84075 12.8145 12.77412 12.68126 12.57365 12.44958 12.32667 12.22784 12.11831 12.0425 11.99583 12.00276 12.04254 12.06683 12.07808 12.08416 12.08671 12.04065 11.99635 11.95684 11.92089 11.88113 11.83405 11.77646 11.68718 11.57717 11.47083 11.42895 11.39038 11.3585 11.31263 11.3151 11.31693 11.30299 11.26459 11.18385 11.07804 10.95682 10.83535 10.76316 10.81786 10.91815 11.00532 10.99424 10.91981 10.92113 10.98024 11.0512 11.11053 11.13078 11.11644 11.06739 10.99588 10.89009 10.81133 10.69528 10.61489
13.7057 13.63653 13.55115 13.44153 13.3248 13.17048 13.08342 13.0114 12.95632 12.8923 12.85828 12.80532 12.70056 12.55462 12.42002 12.32497 12.22036 12.13538 12.07172 12.06928 12.07843 12.08477 12.09999 12.12434 12.13968 12.13595 12.12221 12.09134 12.02745 11.97357 11.93617 11.89759 11.84312 11.77308 11.72197 11.626 11.57154 11.54269 11.49387 11.44988 11.43335 11.43072 11.39716 11.30984 11.18414 11.09482 10.94817 10.80793 10.77989 10.8119 10.96742 11.0726 11.09251 11.06102 11.03952 11.0676 11.15829 11.22334 11.20654 11.16889 11.0892 10.96058 10.8497 10.72704 10.5963 10.54273
13.49451 13.38866 13.34296 13.35348 13.24943 13.12513 13.0599 13.01098 12.96179 12.92399 12.8974 12.8292 12.68541 12.59478 12.45187 12.3374 12.25144 12.19125 12.13606 12.12454 12.11779 12.11906 12.1271 12.14459 12.16847 12.18705 12.17762 12.1433 12.1017 12.02077 11.95214 11.91606 11.88711 11.84637 11.79343 11.76417 11.71905 11.64981 11.59534 11.57299 11.51668 11.47888 11.4066 11.29521 11.16492 11.03181 10.89952 10.80593 10.76535 10.86108 10.99669 11.15467 11.22238 11.22111 11.18301 11.20855 11.27104 11.29373 11.26179 11.17546 11.03665 10.91886 10.74881 10.60839 10.51514 10.40739
13.28831 13.17411 13.22952 13.23944 13.21355 13.13754 13.05511 13.01389 12.98079 12.92873 12.87768 12.79146 12.69418 12.57086 12.45986 12.38061 12.30045 12.24906 12.23128 12.19495 12.1738 12.15396 12.1555 12.17842 12.20598 12.22404 12.22446 12.20524 12.14192 12.07157 11.98644 11.94073 11.91975 11.93049 11.91658 11.87509 11.82147 11.77166 11.71654 11.63841 11.58229 11.49427 11.37972 11.24659 11.1009 10.968 10.864 10.78788 10.81138 10.88289 11.06793 11.23764 11.33675 11.34864 11.32662 11.36646 11.36217 11.35082 11.25992 11.17425 11.01606 10.82885 10.66007 10.56689 10.42563 10.31469
13.09328 13.01162 13.0209 13.08944 13.15662 13.12661 13.07843 13.02651 12.97917 12.90172 12.80938 12.73511 12.63913 12.56648 12.47833 12.40096 12.37973 12.36091 12.32239 12.28086 12.2422 12.19787 12.20097 12.23537 12.25065 12.26096 12.25287 12.23976 12.18982 12.10916 12.03988 12.01327 12.00519 12.01486 12.00524 11.97227 11.88737 11.8057 11.75883 11.67328 11.57065 11.48516 11.371 11.21351 11.05703 10.95013 10.83438 10.80857 10.85406 10.9739 11.13707 11.27323 11.39313 11.46759 11.47349 11.44382 11.44723 11.3913 11.28663 11.14937 10.98678 10.81842 10.65928 10.51987 10.392 10.29282
13.03048 12.91272 12.92212 12.98399 13.07319 13.10428 13.087 13.03342 12.96158 12.85476 12.7893 12.69302 12.64862 12.59765 12.56701 12.50555 12.4718 12.47433 12.46069 12.36703 12.2851 12.25993 12.27975 12.29597 12.32144 12.31262 12.27905 12.25131 12.21381 12.17429 12.12039 12.09959 12.11196 12.08983 12.06316 12.00741 11.93578 11.8363 11.73822 11.61731 11.53991 11.43951 11.3332 11.22659 11.05913 10.92479 10.85833 10.88262 10.99557 11.12171 11.21864 11.37356 11.49539 11.56185 11.57615 11.5578 11.49941 11.41348 11.28317 11.13618 10.97866 10.82044 10.66221 10.51598 10.38094 10.26971
13.07892 13.01547 12.9878 13.03997 13.10806 13.11818 13.09056 13.02573 12.98226 12.88976 12.80301 12.76872 12.76201 12.77484 12.7423 12.70365 12.67473 12.65552 12.5704 12.5052 12.4128 12.37294 12.37743 12.42757 12.42253 12.36288 12.32569 12.29132 12.26517 12.23825 12.24149 12.23343 12.19578 12.16924 12.11045 12.03613 11.92868 11.81083 11.66891 11.54758 11.42764 11.34339 11.30394 11.17772 11.03176 10.95962 10.93648 11.02852 11.16983 11.248 11.38349 11.51401 11.58358 11.64938 11.64642 11.58353 11.52054 11.38753 11.22753 11.12531 10.95578 10.79701 10.64917 10.53553 10.36987 10.24852
